############# RIGHT VDCS  ###################
No of Crate, Slot, First, Last chans
[ R.vdc.u1 ]
8       10       0       95
8       12       0       95
8       13       0       95
8       14       0       79
0.0  0.77852 -0.0042426 -45.0                  z, wbeg, wspac, wangle (m)
5.000e4                                        Drift velocity (m/s)
TDC Offset Values
   1 1701.5    2 1701.5    3 1701.5    4 1701.5    5 1701.5    6 1701.5    7 1701.5    8 1701.5
   9 1701.5   10 1701.5   11 1701.5   12 1701.5   13 1701.5   14 1701.5   15 1701.5   16 1701.5
  17 1696.4   18 1696.4   19 1696.4   20 1696.4   21 1696.4   22 1696.4   23 1696.4   24 1696.4
  25 1696.4   26 1696.4   27 1696.4   28 1696.4   29 1696.4   30 1696.4   31 1696.4   32 1696.4
  33 1695.2   34 1695.2   35 1695.2   36 1695.2   37 1695.2   38 1695.2   39 1695.2   40 1695.2
  41 1695.2   42 1695.2   43 1695.2   44 1695.2   45 1695.2   46 1695.2   47 1695.2   48 1695.2
  49 1693.6   50 1693.6   51 1693.6   52 1693.6   53 1693.6   54 1693.6   55 1693.6   56 1693.6
  57 1693.6   58 1693.6   59 1693.6   60 1693.6   61 1693.6   62 1693.6   63 1693.6   64 1693.6
  65 1696.3   66 1696.3   67 1696.3   68 1696.3   69 1696.3   70 1696.3   71 1696.3   72 1696.3
  73 1696.3   74 1696.3   75 1696.3   76 1696.3   77 1696.3   78 1696.3   79 1696.3   80 1696.3
  81 1691.9   82 1691.9   83 1691.9   84 1691.9   85 1691.9   86 1691.9   87 1691.9   88 1691.9
  89 1691.9   90 1691.9   91 1691.9   92 1691.9   93 1691.9   94 1691.9   95 1691.9   96 1691.9
  97 1698.5   98 1698.5   99 1698.5  100 1698.5  101 1698.5  102 1698.5  103 1698.5  104 1698.5
 105 1698.5  106 1698.5  107 1698.5  108 1698.5  109 1698.5  110 1698.5  111 1698.5  112 1698.5
 113 1698.5  114 1698.5  115 1698.5  116 1698.5  117 1698.5  118 1698.5  119 1698.5  120 1698.5
 121 1698.5  122 1698.5  123 1698.5  124 1698.5  125 1698.5  126 1698.5  127 1698.5  128 1698.5
 129 1704.4  130 1704.4  131 1704.4  132 1704.4  133 1704.4  134 1704.4  135 1704.4  136 1704.4
 137 1704.4  138 1704.4  139 1704.4  140 1704.4  141 1704.4  142 1704.4  143 1704.4  144 1704.4
 145 1704.5  146 1704.5  147 1704.5  148 1704.5  149 1704.5  150 1704.5  151 1704.5  152 1704.5
 153 1704.5  154 1704.5  155 1704.5  156 1704.5  157 1704.5  158 1704.5  159 1704.5  160 1704.5
 161 1705.5  162 1705.5  163 1705.5  164 1705.5  165 1705.5  166 1705.5  167 1705.5  168 1705.5
 169 1705.5  170 1705.5  171 1705.5  172 1705.5  173 1705.5  174 1705.5  175 1705.5  176 1705.5
 177 1705.5  178 1705.5  179 1705.5  180 1705.5  181 1705.5  182 1705.5  183 1705.5  184 1705.5
 185 1705.5  186 1705.5  187 1705.5  188 1705.5  189 1705.5  190 1705.5  191 1705.5  192 1705.5
 193 1709.1  194 1709.1  195 1709.1  196 1709.1  197 1709.1  198 1709.1  199 1709.1  200 1709.1
 201 1709.1  202 1709.1  203 1709.1  204 1709.1  205 1709.1  206 1709.1  207 1709.1  208 1709.1
 209   1704  210   1704  211   1704  212   1704  213   1704  214   1704  215   1704  216   1704
 217   1704  218   1704  219   1704  220   1704  221   1704  222   1704  223   1704  224   1704
 225 1703.2  226 1703.2  227 1703.2  228 1703.2  229 1703.2  230 1703.2  231 1703.2  232 1703.2
 233 1703.2  234 1703.2  235 1703.2  236 1703.2  237 1703.2  238 1703.2  239 1703.2  240 1703.2
 241 1700.2  242 1700.2  243 1700.2  244 1700.2  245 1700.2  246 1700.2  247 1700.2  248 1700.2
 249 1700.2  250 1700.2  251 1700.2  252 1700.2  253 1700.2  254 1700.2  255 1700.2  256 1700.2
 257 1699.7  258 1699.7  259 1699.7  260 1699.7  261 1699.7  262 1699.7  263 1699.7  264 1699.7
 265 1699.7  266 1699.7  267 1699.7  268 1699.7  269 1699.7  270 1699.7  271 1699.7  272 1699.7
 273 1699.7  274 1699.7  275 1699.7  276 1699.7  277 1699.7  278 1699.7  279 1699.7  280 1699.7
 281 1699.7  282 1699.7  283 1699.7  284 1699.7  285 1699.7  286 1699.7  287 1699.7  288 1699.7
 289 1703.9  290 1703.9  291 1703.9  292 1703.9  293 1703.9  294 1703.9  295 1703.9  296 1703.9
 297 1703.9  298 1703.9  299 1703.9  300 1703.9  301 1703.9  302 1703.9  303 1703.9  304 1703.9
 305 1700.8  306 1700.8  307 1700.8  308 1700.8  309 1700.8  310 1700.8  311 1700.8  312 1700.8
 313 1700.8  314 1700.8  315 1700.8  316 1700.8  317 1700.8  318 1700.8  319 1700.8  320 1700.8
 321 1702.6  322 1702.6  323 1702.6  324 1702.6  325 1702.6  326 1702.6  327 1702.6  328 1702.6
 329 1702.6  330 1702.6  331 1702.6  332 1702.6  333 1702.6  334 1702.6  335 1702.6  336 1702.6
 337 1701.6  338 1701.6  339 1701.6  340 1701.6  341 1701.6  342 1701.6  343 1701.6  344 1701.6
 345 1701.6  346 1701.6  347 1701.6  348 1701.6  349 1701.6  350 1701.6  351 1701.6  352 1701.6
 353 1705.1  354 1705.1  355 1705.1  356 1705.1  357 1705.1  358 1705.1  359 1705.1  360 1705.1
 361 1705.1  362 1705.1  363 1705.1  364 1705.1  365 1705.1  366 1705.1  367 1705.1  368 1705.1
TTD Lookup Table
2.550e-08
647
0.00e+00 0.00e+00 0.00e+00 0.00e+00 0.00e+00 0.00e+00 0.00e+00 0.00e+00 0.00e+00 0.00e+00
0.00e+00 0.00e+00 0.00e+00 0.00e+00 0.00e+00 0.00e+00 0.00e+00 0.00e+00 0.00e+00 0.00e+00
0.00e+00 0.00e+00 0.00e+00 0.00e+00 0.00e+00 0.00e+00 0.00e+00 0.00e+00 0.00e+00 0.00e+00
0.00e+00 0.00e+00 0.00e+00 0.00e+00 0.00e+00 0.00e+00 0.00e+00 0.00e+00 0.00e+00 0.00e+00
0.00e+00 0.00e+00 0.00e+00 0.00e+00 0.00e+00 0.00e+00 0.00e+00 0.00e+00 0.00e+00 0.00e+00
2.79e-03 6.79e-03 1.19e-02 1.82e-02 2.59e-02 3.57e-02 4.72e-02 6.06e-02 7.67e-02 9.54e-02
1.16e-01 1.38e-01 1.63e-01 1.91e-01 2.21e-01 2.51e-01 2.85e-01 3.20e-01 3.62e-01 3.99e-01
4.39e-01 4.78e-01 5.18e-01 5.58e-01 6.02e-01 6.43e-01 6.86e-01 7.27e-01 7.71e-01 8.14e-01
8.57e-01 8.99e-01 9.45e-01 9.88e-01 1.03e+00 1.08e+00 1.12e+00 1.16e+00 1.21e+00 1.25e+00
1.30e+00 1.34e+00 1.39e+00 1.43e+00 1.48e+00 1.52e+00 1.57e+00 1.61e+00 1.66e+00 1.70e+00
1.75e+00 1.79e+00 1.83e+00 1.88e+00 1.92e+00 1.97e+00 2.01e+00 2.06e+00 2.10e+00 2.15e+00
2.19e+00 2.24e+00 2.28e+00 2.32e+00 2.37e+00 2.41e+00 2.45e+00 2.49e+00 2.54e+00 2.58e+00
2.62e+00 2.66e+00 2.70e+00 2.74e+00 2.78e+00 2.82e+00 2.86e+00 2.90e+00 2.93e+00 2.96e+00
3.00e+00 3.03e+00 3.06e+00 3.09e+00 3.13e+00 3.16e+00 3.18e+00 3.21e+00 3.25e+00 3.27e+00
3.30e+00 3.33e+00 3.36e+00 3.38e+00 3.41e+00 3.44e+00 3.47e+00 3.50e+00 3.53e+00 3.55e+00
3.58e+00 3.61e+00 3.64e+00 3.67e+00 3.70e+00 3.72e+00 3.75e+00 3.78e+00 3.81e+00 3.83e+00
3.86e+00 3.89e+00 3.92e+00 3.94e+00 3.97e+00 4.00e+00 4.02e+00 4.05e+00 4.08e+00 4.10e+00
4.13e+00 4.16e+00 4.18e+00 4.21e+00 4.24e+00 4.26e+00 4.29e+00 4.32e+00 4.34e+00 4.37e+00
4.39e+00 4.42e+00 4.44e+00 4.47e+00 4.50e+00 4.52e+00 4.55e+00 4.57e+00 4.60e+00 4.62e+00
4.65e+00 4.67e+00 4.70e+00 4.72e+00 4.75e+00 4.77e+00 4.80e+00 4.82e+00 4.85e+00 4.87e+00
4.90e+00 4.92e+00 4.95e+00 4.97e+00 5.00e+00 5.02e+00 5.05e+00 5.07e+00 5.10e+00 5.12e+00
5.14e+00 5.17e+00 5.19e+00 5.22e+00 5.24e+00 5.27e+00 5.29e+00 5.31e+00 5.34e+00 5.36e+00
5.39e+00 5.41e+00 5.44e+00 5.46e+00 5.48e+00 5.51e+00 5.53e+00 5.55e+00 5.58e+00 5.60e+00
5.63e+00 5.65e+00 5.67e+00 5.70e+00 5.72e+00 5.74e+00 5.77e+00 5.79e+00 5.81e+00 5.84e+00
5.86e+00 5.88e+00 5.91e+00 5.93e+00 5.96e+00 5.98e+00 6.00e+00 6.03e+00 6.05e+00 6.07e+00
6.10e+00 6.12e+00 6.15e+00 6.17e+00 6.19e+00 6.22e+00 6.24e+00 6.26e+00 6.29e+00 6.31e+00
6.34e+00 6.36e+00 6.39e+00 6.41e+00 6.43e+00 6.46e+00 6.48e+00 6.51e+00 6.53e+00 6.55e+00
6.58e+00 6.60e+00 6.63e+00 6.65e+00 6.68e+00 6.70e+00 6.72e+00 6.75e+00 6.77e+00 6.80e+00
6.82e+00 6.85e+00 6.87e+00 6.89e+00 6.92e+00 6.94e+00 6.97e+00 6.99e+00 7.02e+00 7.04e+00
7.06e+00 7.09e+00 7.11e+00 7.14e+00 7.16e+00 7.18e+00 7.21e+00 7.23e+00 7.26e+00 7.28e+00
7.30e+00 7.33e+00 7.35e+00 7.38e+00 7.40e+00 7.42e+00 7.45e+00 7.47e+00 7.50e+00 7.52e+00
7.55e+00 7.57e+00 7.59e+00 7.62e+00 7.64e+00 7.67e+00 7.69e+00 7.71e+00 7.74e+00 7.76e+00
7.78e+00 7.81e+00 7.83e+00 7.86e+00 7.88e+00 7.90e+00 7.93e+00 7.95e+00 7.98e+00 8.00e+00
8.02e+00 8.05e+00 8.07e+00 8.09e+00 8.12e+00 8.14e+00 8.17e+00 8.19e+00 8.21e+00 8.24e+00
8.26e+00 8.28e+00 8.31e+00 8.33e+00 8.35e+00 8.38e+00 8.40e+00 8.43e+00 8.45e+00 8.47e+00
8.50e+00 8.52e+00 8.55e+00 8.57e+00 8.59e+00 8.62e+00 8.64e+00 8.66e+00 8.69e+00 8.71e+00
8.73e+00 8.76e+00 8.78e+00 8.81e+00 8.83e+00 8.85e+00 8.88e+00 8.90e+00 8.92e+00 8.95e+00
8.97e+00 8.99e+00 9.02e+00 9.04e+00 9.06e+00 9.09e+00 9.11e+00 9.13e+00 9.16e+00 9.18e+00
9.21e+00 9.23e+00 9.25e+00 9.28e+00 9.30e+00 9.32e+00 9.35e+00 9.37e+00 9.39e+00 9.42e+00
9.44e+00 9.46e+00 9.49e+00 9.51e+00 9.54e+00 9.56e+00 9.58e+00 9.61e+00 9.63e+00 9.65e+00
9.68e+00 9.70e+00 9.72e+00 9.75e+00 9.77e+00 9.79e+00 9.82e+00 9.84e+00 9.86e+00 9.89e+00
9.91e+00 9.94e+00 9.96e+00 9.98e+00 1.00e+01 1.00e+01 1.01e+01 1.01e+01 1.01e+01 1.01e+01
1.01e+01 1.02e+01 1.02e+01 1.02e+01 1.02e+01 1.03e+01 1.03e+01 1.03e+01 1.03e+01 1.04e+01
1.04e+01 1.04e+01 1.04e+01 1.05e+01 1.05e+01 1.05e+01 1.05e+01 1.05e+01 1.06e+01 1.06e+01
1.06e+01 1.06e+01 1.07e+01 1.07e+01 1.07e+01 1.07e+01 1.08e+01 1.08e+01 1.08e+01 1.08e+01
1.08e+01 1.09e+01 1.09e+01 1.09e+01 1.09e+01 1.10e+01 1.10e+01 1.10e+01 1.10e+01 1.11e+01
1.11e+01 1.11e+01 1.11e+01 1.12e+01 1.12e+01 1.12e+01 1.12e+01 1.12e+01 1.13e+01 1.13e+01
1.13e+01 1.13e+01 1.14e+01 1.14e+01 1.14e+01 1.14e+01 1.15e+01 1.15e+01 1.15e+01 1.15e+01
1.15e+01 1.16e+01 1.16e+01 1.16e+01 1.16e+01 1.17e+01 1.17e+01 1.17e+01 1.17e+01 1.18e+01
1.18e+01 1.18e+01 1.18e+01 1.19e+01 1.19e+01 1.19e+01 1.19e+01 1.19e+01 1.20e+01 1.20e+01
1.20e+01 1.20e+01 1.21e+01 1.21e+01 1.21e+01 1.21e+01 1.22e+01 1.22e+01 1.22e+01 1.22e+01
1.22e+01 1.23e+01 1.23e+01 1.23e+01 1.23e+01 1.24e+01 1.24e+01 1.24e+01 1.24e+01 1.25e+01
1.25e+01 1.25e+01 1.25e+01 1.25e+01 1.26e+01 1.26e+01 1.26e+01 1.26e+01 1.27e+01 1.27e+01
1.27e+01 1.27e+01 1.28e+01 1.28e+01 1.28e+01 1.28e+01 1.28e+01 1.29e+01 1.29e+01 1.29e+01
1.29e+01 1.30e+01 1.30e+01 1.30e+01 1.30e+01 1.31e+01 1.31e+01 1.31e+01 1.31e+01 1.31e+01
1.32e+01 1.32e+01 1.32e+01 1.32e+01 1.33e+01 1.33e+01 1.33e+01 1.33e+01 1.34e+01 1.34e+01
1.34e+01 1.34e+01 1.34e+01 1.35e+01 1.35e+01 1.35e+01 1.35e+01 1.36e+01 1.36e+01 1.36e+01
1.36e+01 1.37e+01 1.37e+01 1.37e+01 1.37e+01 1.37e+01 1.38e+01 1.38e+01 1.38e+01 1.38e+01
1.39e+01 1.39e+01 1.39e+01 1.39e+01 1.40e+01 1.40e+01 1.40e+01 1.40e+01 1.40e+01 1.41e+01
1.41e+01 1.41e+01 1.41e+01 1.42e+01 1.42e+01 1.42e+01 1.42e+01 1.42e+01 1.43e+01 1.43e+01
1.43e+01 1.43e+01 1.44e+01 1.44e+01 1.44e+01 1.44e+01 1.44e+01 1.45e+01 1.45e+01 1.45e+01
1.45e+01 1.45e+01 1.45e+01 1.46e+01 1.46e+01 1.46e+01 1.46e+01 1.46e+01 1.47e+01 1.47e+01
1.47e+01 1.47e+01 1.47e+01 1.47e+01 1.48e+01 1.48e+01 1.48e+01 1.48e+01 1.48e+01 1.48e+01
1.48e+01 1.48e+01 1.49e+01 1.49e+01 1.49e+01 1.49e+01 1.49e+01 1.49e+01 1.49e+01 1.49e+01
1.49e+01 1.50e+01 1.50e+01 1.50e+01 1.50e+01 1.50e+01 1.50e+01 1.51e+01 1.51e+01 1.51e+01
1.51e+01 1.51e+01 1.51e+01 1.51e+01 1.51e+01 1.51e+01 1.51e+01 1.51e+01 1.51e+01 1.51e+01
1.51e+01 1.51e+01 1.51e+01 1.51e+01 1.51e+01 1.51e+01 1.51e+01 1.51e+01 1.51e+01 1.51e+01
1.51e+01 1.51e+01 1.51e+01 1.51e+01 1.51e+01 1.51e+01 1.51e+01 1.51e+01 1.51e+01 1.51e+01
1.51e+01 1.51e+01 1.51e+01 1.51e+01 1.51e+01 1.51e+01 1.51e+01 1.51e+01 1.51e+01 1.51e+01
1.51e+01 1.51e+01 1.51e+01 1.51e+01 1.51e+01 1.51e+01 1.51e+01 1.51e+01 1.51e+01 1.51e+01
1.51e+01 1.51e+01 1.51e+01 1.51e+01 1.51e+01 1.51e+01 1.51e+01 1.51e+01 1.51e+01 1.51e+01
1.51e+01 1.51e+01 1.51e+01 1.51e+01 1.51e+01 1.51e+01 1.51e+01 1.51e+01 1.51e+01 1.51e+01
1.51e+01 1.51e+01 1.51e+01 1.51e+01 1.51e+01 1.51e+01 1.51e+01 1.51e+01 1.51e+01 1.51e+01
1.51e+01 1.51e+01 1.51e+01 1.51e+01 1.51e+01 1.51e+01 1.51e+01 1.51e+01 1.51e+01 1.51e+01
1.51e+01 1.51e+01 1.51e+01 1.51e+01 1.51e+01 1.51e+01 1.51e+01 1.51e+01 1.51e+01 1.51e+01
1.51e+01 1.51e+01 1.51e+01 1.51e+01 1.51e+01 1.51e+01 1.51e+01 1.51e+01 1.51e+01 1.51e+01
1.51e+01 1.51e+01 1.51e+01 1.51e+01 1.51e+01 1.51e+01 1.51e+01 1.51e+01 1.51e+01 1.51e+01
1.51e+01 1.51e+01 1.51e+01 1.51e+01 1.51e+01 1.51e+01 1.51e+01 1.51e+01 1.51e+01 1.51e+01
1.51e+01 1.51e+01 1.51e+01 1.51e+01 1.51e+01 1.51e+01 1.51e+01 1.51e+01 1.51e+01 1.51e+01
1.51e+01 1.51e+01 1.51e+01 1.51e+01 1.51e+01 1.51e+01 1.51e+01 1.51e+01 
[ R.vdc.v1 ]
2       7       0         95
2       8       0         95
2       9       0         95
2      10       0         79
0.026  0.77852 -0.0042426 45.0                 z, wbeg, wspac, wangle (m)
4.971e4                                        Drift velocity (m/s)
TDC Offset Values
   1 1706.8    2 1706.8    3 1706.8    4 1706.8    5 1706.8    6 1706.8    7 1706.8    8 1706.8
   9 1706.8   10 1706.8   11 1706.8   12 1706.8   13 1706.8   14 1706.8   15 1706.8   16 1706.8
  17 1702.4   18 1702.4   19 1702.4   20 1702.4   21 1702.4   22 1702.4   23 1702.4   24 1702.4
  25 1702.4   26 1702.4   27 1702.4   28 1702.4   29 1702.4   30 1702.4   31 1702.4   32 1702.4
  33 1702.7   34 1702.7   35 1702.7   36 1702.7   37 1702.7   38 1702.7   39 1702.7   40 1702.7
  41 1702.7   42 1702.7   43 1702.7   44 1702.7   45 1702.7   46 1702.7   47 1702.7   48 1702.7
  49   1700   50   1700   51   1700   52   1700   53   1700   54   1700   55   1700   56   1700
  57   1700   58   1700   59   1700   60   1700   61   1700   62   1700   63   1700   64   1700
  65 1701.2   66 1701.2   67 1701.2   68 1701.2   69 1701.2   70 1701.2   71 1701.2   72 1701.2
  73 1701.2   74 1701.2   75 1701.2   76 1701.2   77 1701.2   78 1701.2   79 1701.2   80 1701.2
  81 1700.9   82 1700.9   83 1700.9   84 1700.9   85 1700.9   86 1700.9   87 1700.9   88 1700.9
  89 1700.9   90 1700.9   91 1700.9   92 1700.9   93 1700.9   94 1700.9   95 1700.9   96 1700.9
  97 1703.5   98 1703.5   99 1703.5  100 1703.5  101 1703.5  102 1703.5  103 1703.5  104 1703.5
 105 1703.5  106 1703.5  107 1703.5  108 1703.5  109 1703.5  110 1703.5  111 1703.5  112 1703.5
 113 1703.8  114 1703.8  115 1703.8  116 1703.8  117 1703.8  118 1703.8  119 1703.8  120 1703.8
 121 1703.8  122 1703.8  123 1703.8  124 1703.8  125 1703.8  126 1703.8  127 1703.8  128 1703.8
 129 1705.5  130 1705.5  131 1705.5  132 1705.5  133 1705.5  134 1705.5  135 1705.5  136 1705.5
 137 1705.5  138 1705.5  139 1705.5  140 1705.5  141 1705.5  142 1705.5  143 1705.5  144 1705.5
 145 1706.2  146 1706.2  147 1706.2  148 1706.2  149 1706.2  150 1706.2  151 1706.2  152 1706.2
 153 1706.2  154 1706.2  155 1706.2  156 1706.2  157 1706.2  158 1706.2  159 1706.2  160 1706.2
 161 1709.3  162 1709.3  163 1709.3  164 1709.3  165 1709.3  166 1709.3  167 1709.3  168 1709.3
 169 1709.3  170 1709.3  171 1709.3  172 1709.3  173 1709.3  174 1709.3  175 1709.3  176 1709.3
 177 1710.5  178 1710.5  179 1710.5  180 1710.5  181 1710.5  182 1710.5  183 1710.5  184 1710.5
 185 1710.5  186 1710.5  187 1710.5  188 1710.5  189 1710.5  190 1710.5  191 1710.5  192 1710.5
 193   1716  194   1716  195   1716  196   1716  197   1716  198   1716  199   1716  200   1716
 201   1716  202   1716  203   1716  204   1716  205   1716  206   1716  207   1716  208   1716
 209 1710.6  210 1710.6  211 1710.6  212 1710.6  213 1710.6  214 1710.6  215 1710.6  216 1710.6
 217 1710.6  218 1710.6  219 1710.6  220 1710.6  221 1710.6  222 1710.6  223 1710.6  224 1710.6
 225   1707  226   1707  227   1707  228   1707  229   1707  230   1707  231   1707  232   1707
 233   1707  234   1707  235   1707  236   1707  237   1707  238   1707  239   1707  240   1707
 241 1703.3  242 1703.3  243 1703.3  244 1703.3  245 1703.3  246 1703.3  247 1703.3  248 1703.3
 249 1703.3  250 1703.3  251 1703.3  252 1703.3  253 1703.3  254 1703.3  255 1703.3  256 1703.3
 257 1704.1  258 1704.1  259 1704.1  260 1704.1  261 1704.1  262 1704.1  263 1704.1  264 1704.1
 265 1704.1  266 1704.1  267 1704.1  268 1704.1  269 1704.1  270 1704.1  271 1704.1  272 1704.1
 273   1702  274   1702  275   1702  276   1702  277   1702  278   1702  279   1702  280   1702
 281   1702  282   1702  283   1702  284   1702  285   1702  286   1702  287   1702  288   1702
 289 1706.8  290 1706.8  291 1706.8  292 1706.8  293 1706.8  294 1706.8  295 1706.8  296 1706.8
 297 1706.8  298 1706.8  299 1706.8  300 1706.8  301 1706.8  302 1706.8  303 1706.8  304 1706.8
 305 1702.7  306 1702.7  307 1702.7  308 1702.7  309 1702.7  310 1702.7  311 1702.7  312 1702.7
 313 1702.7  314 1702.7  315 1702.7  316 1702.7  317 1702.7  318 1702.7  319 1702.7  320 1702.7
 321 1706.2  322 1706.2  323 1706.2  324 1706.2  325 1706.2  326 1706.2  327 1706.2  328 1706.2
 329 1706.2  330 1706.2  331 1706.2  332 1706.2  333 1706.2  334 1706.2  335 1706.2  336 1706.2
 337 1708.3  338 1708.3  339 1708.3  340 1708.3  341 1708.3  342 1708.3  343 1708.3  344 1708.3
 345 1708.3  346 1708.3  347 1708.3  348 1708.3  349 1708.3  350 1708.3  351 1708.3  352 1708.3
 353 1711.1  354 1711.1  355 1711.1  356 1711.1  357 1711.1  358 1711.1  359 1711.1  360 1711.1
 361 1711.1  362 1711.1  363 1711.1  364 1711.1  365 1711.1  366 1711.1  367 1711.1  368 1711.1
TTD Lookup Table
2.550e-08
647
0.00e+00 0.00e+00 0.00e+00 0.00e+00 0.00e+00 0.00e+00 0.00e+00 0.00e+00 0.00e+00 0.00e+00
0.00e+00 0.00e+00 0.00e+00 0.00e+00 0.00e+00 0.00e+00 0.00e+00 0.00e+00 0.00e+00 0.00e+00
0.00e+00 0.00e+00 0.00e+00 0.00e+00 0.00e+00 0.00e+00 0.00e+00 0.00e+00 0.00e+00 0.00e+00
0.00e+00 0.00e+00 0.00e+00 0.00e+00 0.00e+00 0.00e+00 0.00e+00 0.00e+00 0.00e+00 0.00e+00
0.00e+00 0.00e+00 0.00e+00 0.00e+00 0.00e+00 0.00e+00 0.00e+00 0.00e+00 0.00e+00 0.00e+00
1.57e-03 3.72e-03 6.60e-03 1.05e-02 1.55e-02 2.17e-02 2.93e-02 3.87e-02 4.96e-02 6.23e-02
7.71e-02 9.45e-02 1.14e-01 1.36e-01 1.59e-01 1.85e-01 2.13e-01 2.42e-01 2.74e-01 3.08e-01
3.42e-01 3.78e-01 4.13e-01 4.51e-01 4.89e-01 5.27e-01 5.65e-01 6.06e-01 6.47e-01 6.87e-01
7.28e-01 7.70e-01 8.12e-01 8.54e-01 8.96e-01 9.41e-01 9.84e-01 1.03e+00 1.07e+00 1.11e+00
1.16e+00 1.20e+00 1.25e+00 1.29e+00 1.34e+00 1.38e+00 1.43e+00 1.47e+00 1.52e+00 1.57e+00
1.61e+00 1.66e+00 1.70e+00 1.75e+00 1.79e+00 1.84e+00 1.89e+00 1.93e+00 1.98e+00 2.03e+00
2.07e+00 2.12e+00 2.16e+00 2.21e+00 2.25e+00 2.30e+00 2.34e+00 2.39e+00 2.43e+00 2.48e+00
2.52e+00 2.56e+00 2.60e+00 2.65e+00 2.69e+00 2.73e+00 2.77e+00 2.81e+00 2.84e+00 2.88e+00
2.92e+00 2.95e+00 2.99e+00 3.02e+00 3.06e+00 3.09e+00 3.12e+00 3.15e+00 3.18e+00 3.21e+00
3.24e+00 3.27e+00 3.30e+00 3.33e+00 3.36e+00 3.39e+00 3.41e+00 3.44e+00 3.47e+00 3.50e+00
3.53e+00 3.55e+00 3.58e+00 3.61e+00 3.64e+00 3.67e+00 3.69e+00 3.72e+00 3.75e+00 3.77e+00
3.80e+00 3.83e+00 3.86e+00 3.88e+00 3.91e+00 3.94e+00 3.96e+00 3.99e+00 4.01e+00 4.04e+00
4.07e+00 4.09e+00 4.12e+00 4.14e+00 4.17e+00 4.20e+00 4.22e+00 4.25e+00 4.27e+00 4.30e+00
4.32e+00 4.35e+00 4.37e+00 4.40e+00 4.42e+00 4.45e+00 4.47e+00 4.50e+00 4.52e+00 4.55e+00
4.57e+00 4.60e+00 4.62e+00 4.64e+00 4.67e+00 4.69e+00 4.72e+00 4.74e+00 4.77e+00 4.79e+00
4.81e+00 4.84e+00 4.86e+00 4.89e+00 4.91e+00 4.94e+00 4.96e+00 4.99e+00 5.01e+00 5.03e+00
5.06e+00 5.08e+00 5.11e+00 5.13e+00 5.15e+00 5.18e+00 5.20e+00 5.23e+00 5.25e+00 5.27e+00
5.30e+00 5.32e+00 5.35e+00 5.37e+00 5.39e+00 5.42e+00 5.44e+00 5.47e+00 5.49e+00 5.51e+00
5.54e+00 5.56e+00 5.58e+00 5.61e+00 5.63e+00 5.65e+00 5.68e+00 5.70e+00 5.72e+00 5.75e+00
5.77e+00 5.79e+00 5.82e+00 5.84e+00 5.86e+00 5.89e+00 5.91e+00 5.93e+00 5.96e+00 5.98e+00
6.00e+00 6.03e+00 6.05e+00 6.08e+00 6.10e+00 6.12e+00 6.15e+00 6.17e+00 6.19e+00 6.22e+00
6.24e+00 6.27e+00 6.29e+00 6.31e+00 6.34e+00 6.36e+00 6.39e+00 6.41e+00 6.43e+00 6.46e+00
6.48e+00 6.50e+00 6.53e+00 6.55e+00 6.58e+00 6.60e+00 6.62e+00 6.65e+00 6.68e+00 6.70e+00
6.72e+00 6.75e+00 6.77e+00 6.79e+00 6.82e+00 6.84e+00 6.87e+00 6.89e+00 6.91e+00 6.94e+00
6.96e+00 6.99e+00 7.01e+00 7.03e+00 7.06e+00 7.08e+00 7.11e+00 7.13e+00 7.15e+00 7.18e+00
7.20e+00 7.23e+00 7.25e+00 7.27e+00 7.30e+00 7.32e+00 7.35e+00 7.37e+00 7.39e+00 7.42e+00
7.44e+00 7.47e+00 7.49e+00 7.51e+00 7.54e+00 7.56e+00 7.58e+00 7.61e+00 7.63e+00 7.66e+00
7.68e+00 7.70e+00 7.73e+00 7.75e+00 7.78e+00 7.80e+00 7.82e+00 7.85e+00 7.87e+00 7.89e+00
7.92e+00 7.94e+00 7.96e+00 7.99e+00 8.01e+00 8.04e+00 8.06e+00 8.08e+00 8.11e+00 8.13e+00
8.15e+00 8.18e+00 8.20e+00 8.23e+00 8.25e+00 8.27e+00 8.30e+00 8.32e+00 8.34e+00 8.37e+00
8.39e+00 8.41e+00 8.44e+00 8.46e+00 8.49e+00 8.51e+00 8.53e+00 8.56e+00 8.58e+00 8.60e+00
8.63e+00 8.65e+00 8.67e+00 8.70e+00 8.72e+00 8.75e+00 8.77e+00 8.79e+00 8.81e+00 8.84e+00
8.86e+00 8.89e+00 8.91e+00 8.93e+00 8.96e+00 8.98e+00 9.00e+00 9.03e+00 9.05e+00 9.07e+00
9.10e+00 9.12e+00 9.14e+00 9.17e+00 9.19e+00 9.21e+00 9.24e+00 9.26e+00 9.28e+00 9.31e+00
9.33e+00 9.36e+00 9.38e+00 9.40e+00 9.43e+00 9.45e+00 9.47e+00 9.50e+00 9.52e+00 9.54e+00
9.57e+00 9.59e+00 9.61e+00 9.64e+00 9.66e+00 9.68e+00 9.71e+00 9.73e+00 9.75e+00 9.78e+00
9.80e+00 9.82e+00 9.85e+00 9.87e+00 9.89e+00 9.92e+00 9.94e+00 9.96e+00 9.99e+00 1.00e+01
1.00e+01 1.01e+01 1.01e+01 1.01e+01 1.01e+01 1.02e+01 1.02e+01 1.02e+01 1.02e+01 1.02e+01
1.03e+01 1.03e+01 1.03e+01 1.03e+01 1.04e+01 1.04e+01 1.04e+01 1.04e+01 1.05e+01 1.05e+01
1.05e+01 1.05e+01 1.05e+01 1.06e+01 1.06e+01 1.06e+01 1.06e+01 1.07e+01 1.07e+01 1.07e+01
1.07e+01 1.08e+01 1.08e+01 1.08e+01 1.08e+01 1.09e+01 1.09e+01 1.09e+01 1.09e+01 1.09e+01
1.10e+01 1.10e+01 1.10e+01 1.10e+01 1.11e+01 1.11e+01 1.11e+01 1.11e+01 1.12e+01 1.12e+01
1.12e+01 1.12e+01 1.12e+01 1.13e+01 1.13e+01 1.13e+01 1.13e+01 1.14e+01 1.14e+01 1.14e+01
1.14e+01 1.15e+01 1.15e+01 1.15e+01 1.15e+01 1.15e+01 1.16e+01 1.16e+01 1.16e+01 1.16e+01
1.17e+01 1.17e+01 1.17e+01 1.17e+01 1.18e+01 1.18e+01 1.18e+01 1.18e+01 1.19e+01 1.19e+01
1.19e+01 1.19e+01 1.19e+01 1.20e+01 1.20e+01 1.20e+01 1.20e+01 1.21e+01 1.21e+01 1.21e+01
1.21e+01 1.22e+01 1.22e+01 1.22e+01 1.22e+01 1.22e+01 1.23e+01 1.23e+01 1.23e+01 1.23e+01
1.24e+01 1.24e+01 1.24e+01 1.24e+01 1.25e+01 1.25e+01 1.25e+01 1.25e+01 1.25e+01 1.26e+01
1.26e+01 1.26e+01 1.26e+01 1.27e+01 1.27e+01 1.27e+01 1.27e+01 1.28e+01 1.28e+01 1.28e+01
1.28e+01 1.28e+01 1.29e+01 1.29e+01 1.29e+01 1.29e+01 1.30e+01 1.30e+01 1.30e+01 1.30e+01
1.31e+01 1.31e+01 1.31e+01 1.31e+01 1.31e+01 1.32e+01 1.32e+01 1.32e+01 1.32e+01 1.33e+01
1.33e+01 1.33e+01 1.33e+01 1.34e+01 1.34e+01 1.34e+01 1.34e+01 1.34e+01 1.35e+01 1.35e+01
1.35e+01 1.35e+01 1.36e+01 1.36e+01 1.36e+01 1.36e+01 1.37e+01 1.37e+01 1.37e+01 1.37e+01
1.37e+01 1.38e+01 1.38e+01 1.38e+01 1.38e+01 1.39e+01 1.39e+01 1.39e+01 1.39e+01 1.40e+01
1.40e+01 1.40e+01 1.40e+01 1.40e+01 1.41e+01 1.41e+01 1.41e+01 1.41e+01 1.42e+01 1.42e+01
1.42e+01 1.42e+01 1.42e+01 1.43e+01 1.43e+01 1.43e+01 1.43e+01 1.43e+01 1.44e+01 1.44e+01
1.44e+01 1.44e+01 1.45e+01 1.45e+01 1.45e+01 1.45e+01 1.45e+01 1.45e+01 1.46e+01 1.46e+01
1.46e+01 1.46e+01 1.46e+01 1.47e+01 1.47e+01 1.47e+01 1.47e+01 1.47e+01 1.47e+01 1.48e+01
1.48e+01 1.48e+01 1.48e+01 1.48e+01 1.48e+01 1.48e+01 1.49e+01 1.49e+01 1.49e+01 1.49e+01
1.49e+01 1.49e+01 1.49e+01 1.49e+01 1.49e+01 1.50e+01 1.50e+01 1.51e+01 1.51e+01 1.51e+01
1.51e+01 1.51e+01 1.51e+01 1.51e+01 1.51e+01 1.51e+01 1.51e+01 1.51e+01 1.51e+01 1.51e+01
1.51e+01 1.51e+01 1.51e+01 1.51e+01 1.51e+01 1.51e+01 1.51e+01 1.51e+01 1.51e+01 1.51e+01
1.51e+01 1.51e+01 1.51e+01 1.51e+01 1.51e+01 1.51e+01 1.51e+01 1.51e+01 1.51e+01 1.51e+01
1.51e+01 1.51e+01 1.51e+01 1.51e+01 1.51e+01 1.51e+01 1.51e+01 1.51e+01 1.51e+01 1.51e+01
1.51e+01 1.51e+01 1.51e+01 1.51e+01 1.51e+01 1.51e+01 1.51e+01 1.51e+01 1.51e+01 1.51e+01
1.51e+01 1.51e+01 1.51e+01 1.51e+01 1.51e+01 1.51e+01 1.51e+01 1.51e+01 1.51e+01 1.51e+01
1.51e+01 1.51e+01 1.51e+01 1.51e+01 1.51e+01 1.51e+01 1.51e+01 1.51e+01 1.51e+01 1.51e+01
1.51e+01 1.51e+01 1.51e+01 1.51e+01 1.51e+01 1.51e+01 1.51e+01 1.51e+01 1.51e+01 1.51e+01
1.51e+01 1.51e+01 1.51e+01 1.51e+01 1.51e+01 1.51e+01 1.51e+01 1.51e+01 1.51e+01 1.51e+01
1.51e+01 1.51e+01 1.51e+01 1.51e+01 1.51e+01 1.51e+01 1.51e+01 1.51e+01 1.51e+01 1.51e+01
1.51e+01 1.51e+01 1.51e+01 1.51e+01 1.51e+01 1.51e+01 1.51e+01 1.51e+01 1.51e+01 1.51e+01
1.51e+01 1.51e+01 1.51e+01 1.51e+01 1.51e+01 1.51e+01 1.51e+01 1.51e+01 1.51e+01 1.51e+01
1.51e+01 1.51e+01 1.51e+01 1.51e+01 1.51e+01 1.51e+01 1.51e+01 1.51e+01 1.51e+01 1.51e+01
1.51e+01 1.51e+01 1.51e+01 1.51e+01 1.51e+01 1.51e+01 1.51e+01 1.51e+01 1.51e+01 1.51e+01
1.51e+01 1.51e+01 1.51e+01 1.51e+01 1.51e+01 1.51e+01 1.51e+01 1.51e+01 7.99e-44
[ R.vdc.u2 ]
8      6       0          95
8      7       0          95
8      8       0          95
8      9       0          79
0.3327 1.02793  -0.0042426 -45.0               z, wbeg, wspac,, wangle (m)
4.953e4                                        Drift velocity (m/s)
TDC Offset Values
   1 1692.4    2 1692.4    3 1692.4    4 1692.4    5 1692.4    6 1692.4    7 1692.4    8 1692.4
   9 1692.4   10 1692.4   11 1692.4   12 1692.4   13 1692.4   14 1692.4   15 1692.4   16 1692.4
  17 1688.5   18 1688.5   19 1688.5   20 1688.5   21 1688.5   22 1688.5   23 1688.5   24 1688.5
  25 1688.5   26 1688.5   27 1688.5   28 1688.5   29 1688.5   30 1688.5   31 1688.5   32 1688.5
  33 1686.4   34 1686.4   35 1686.4   36 1686.4   37 1686.4   38 1686.4   39 1686.4   40 1686.4
  41 1686.4   42 1686.4   43 1686.4   44 1686.4   45 1686.4   46 1686.4   47 1686.4   48 1686.4
  49 1685.4   50 1685.4   51 1685.4   52 1685.4   53 1685.4   54 1685.4   55 1685.4   56 1685.4
  57 1685.4   58 1685.4   59 1685.4   60 1685.4   61 1685.4   62 1685.4   63 1685.4   64 1685.4
  65 1685.3   66 1685.3   67 1685.3   68 1685.3   69 1685.3   70 1685.3   71 1685.3   72 1685.3
  73 1685.3   74 1685.3   75 1685.3   76 1685.3   77 1685.3   78 1685.3   79 1685.3   80 1685.3
  81 1686.6   82 1686.6   83 1686.6   84 1686.6   85 1686.6   86 1686.6   87 1686.6   88 1686.6
  89 1686.6   90 1686.6   91 1686.6   92 1686.6   93 1686.6   94 1686.6   95 1686.6   96 1686.6
  97 1691.3   98 1691.3   99 1691.3  100 1691.3  101 1691.3  102 1691.3  103 1691.3  104 1691.3
 105 1691.3  106 1691.3  107 1691.3  108 1691.3  109 1691.3  110 1691.3  111 1691.3  112 1691.3
 113 1691.3  114 1691.3  115 1691.3  116 1691.3  117 1691.3  118 1691.3  119 1691.3  120 1691.3
 121 1691.3  122 1691.3  123 1691.3  124 1691.3  125 1691.3  126 1691.3  127 1691.3  128 1691.3
 129 1695.3  130 1695.3  131 1695.3  132 1695.3  133 1695.3  134 1695.3  135 1695.3  136 1695.3
 137 1695.3  138 1695.3  139 1695.3  140 1695.3  141 1695.3  142 1695.3  143 1695.3  144 1695.3
 145 1696.4  146 1696.4  147 1696.4  148 1696.4  149 1696.4  150 1696.4  151 1696.4  152 1696.4
 153 1696.4  154 1696.4  155 1696.4  156 1696.4  157 1696.4  158 1696.4  159 1696.4  160 1696.4
 161 1697.3  162 1697.3  163 1697.3  164 1697.3  165 1697.3  166 1697.3  167 1697.3  168 1697.3
 169 1697.3  170 1697.3  171 1697.3  172 1697.3  173 1697.3  174 1697.3  175 1697.3  176 1697.3
 177 1697.1  178 1697.1  179 1697.1  180 1697.1  181 1697.1  182 1697.1  183 1697.1  184 1697.1
 185 1697.1  186 1697.1  187 1697.1  188 1697.1  189 1697.1  190 1697.1  191 1697.1  192 1697.1
 193 1700.4  194 1700.4  195 1700.4  196 1700.4  197 1700.4  198 1700.4  199 1700.4  200 1700.4
 201 1700.4  202 1700.4  203 1700.4  204 1700.4  205 1700.4  206 1700.4  207 1700.4  208 1700.4
 209 1696.3  210 1696.3  211 1696.3  212 1696.3  213 1696.3  214 1696.3  215 1696.3  216 1696.3
 217 1696.3  218 1696.3  219 1696.3  220 1696.3  221 1696.3  222 1696.3  223 1696.3  224 1696.3
 225 1693.4  226 1693.4  227 1693.4  228 1693.4  229 1693.4  230 1693.4  231 1693.4  232 1693.4
 233 1693.4  234 1693.4  235 1693.4  236 1693.4  237 1693.4  238 1693.4  239 1693.4  240 1693.4
 241 1690.3  242 1690.3  243 1690.3  244 1690.3  245 1690.3  246 1690.3  247 1690.3  248 1690.3
 249 1690.3  250 1690.3  251 1690.3  252 1690.3  253 1690.3  254 1690.3  255 1690.3  256 1690.3
 257 1691.8  258 1691.8  259 1691.8  260 1691.8  261 1691.8  262 1691.8  263 1691.8  264 1691.8
 265 1691.8  266 1691.8  267 1691.8  268 1691.8  269 1691.8  270 1691.8  271 1691.8  272 1691.8
 273 1690.9  274 1690.9  275 1690.9  276 1690.9  277 1690.9  278 1690.9  279 1690.9  280 1690.9
 281 1690.9  282 1690.9  283 1690.9  284 1690.9  285 1690.9  286 1690.9  287 1690.9  288 1690.9
 289 1693.8  290 1693.8  291 1693.8  292 1693.8  293 1693.8  294 1693.8  295 1693.8  296 1693.8
 297 1693.8  298 1693.8  299 1693.8  300 1693.8  301 1693.8  302 1693.8  303 1693.8  304 1693.8
 305 1692.7  306 1692.7  307 1692.7  308 1692.7  309 1692.7  310 1692.7  311 1692.7  312 1692.7
 313 1692.7  314 1692.7  315 1692.7  316 1692.7  317 1692.7  318 1692.7  319 1692.7  320 1692.7
 321 1694.3  322 1694.3  323 1694.3  324 1694.3  325 1694.3  326 1694.3  327 1694.3  328 1694.3
 329 1694.3  330 1694.3  331 1694.3  332 1694.3  333 1694.3  334 1694.3  335 1694.3  336 1694.3
 337 1693.5  338 1693.5  339 1693.5  340 1693.5  341 1693.5  342 1693.5  343 1693.5  344 1693.5
 345 1693.5  346 1693.5  347 1693.5  348 1693.5  349 1693.5  350 1693.5  351 1693.5  352 1693.5
 353 1693.5  354 1693.5  355 1693.5  356 1693.5  357 1693.5  358 1693.5  359 1693.5  360 1693.5
 361 1693.5  362 1693.5  363 1693.5  364 1693.5  365 1693.5  366 1693.5  367 1693.5  368 1693.5
TTD Lookup Table
2.800e-08
642
0.00e+00 0.00e+00 0.00e+00 0.00e+00 0.00e+00 0.00e+00 0.00e+00 0.00e+00 0.00e+00 0.00e+00
0.00e+00 0.00e+00 0.00e+00 0.00e+00 0.00e+00 0.00e+00 0.00e+00 0.00e+00 0.00e+00 0.00e+00
0.00e+00 0.00e+00 0.00e+00 0.00e+00 0.00e+00 0.00e+00 0.00e+00 0.00e+00 0.00e+00 0.00e+00
0.00e+00 0.00e+00 0.00e+00 0.00e+00 0.00e+00 0.00e+00 0.00e+00 0.00e+00 0.00e+00 0.00e+00
0.00e+00 0.00e+00 0.00e+00 0.00e+00 0.00e+00 0.00e+00 0.00e+00 0.00e+00 0.00e+00 0.00e+00
0.00e+00 0.00e+00 0.00e+00 0.00e+00 0.00e+00 2.10e-03 4.91e-03 8.89e-03 1.45e-02 2.13e-02
3.02e-02 4.15e-02 5.54e-02 7.13e-02 8.95e-02 1.11e-01 1.35e-01 1.60e-01 1.92e-01 2.23e-01
2.55e-01 2.88e-01 3.23e-01 3.60e-01 3.98e-01 4.36e-01 4.74e-01 5.15e-01 5.55e-01 5.96e-01
6.37e-01 6.81e-01 7.23e-01 7.66e-01 8.09e-01 8.54e-01 8.98e-01 9.43e-01 9.87e-01 1.03e+00
1.08e+00 1.12e+00 1.17e+00 1.22e+00 1.26e+00 1.31e+00 1.35e+00 1.40e+00 1.45e+00 1.50e+00
1.54e+00 1.59e+00 1.64e+00 1.68e+00 1.73e+00 1.78e+00 1.83e+00 1.87e+00 1.92e+00 1.97e+00
2.01e+00 2.06e+00 2.11e+00 2.16e+00 2.20e+00 2.25e+00 2.29e+00 2.34e+00 2.39e+00 2.43e+00
2.47e+00 2.52e+00 2.56e+00 2.61e+00 2.65e+00 2.69e+00 2.73e+00 2.77e+00 2.81e+00 2.85e+00
2.89e+00 2.93e+00 2.96e+00 3.00e+00 3.03e+00 3.07e+00 3.10e+00 3.13e+00 3.16e+00 3.19e+00
3.22e+00 3.25e+00 3.28e+00 3.31e+00 3.33e+00 3.36e+00 3.39e+00 3.42e+00 3.45e+00 3.48e+00
3.51e+00 3.54e+00 3.57e+00 3.60e+00 3.62e+00 3.65e+00 3.68e+00 3.71e+00 3.74e+00 3.77e+00
3.79e+00 3.82e+00 3.85e+00 3.88e+00 3.91e+00 3.94e+00 3.96e+00 3.99e+00 4.02e+00 4.05e+00
4.07e+00 4.10e+00 4.12e+00 4.15e+00 4.18e+00 4.21e+00 4.23e+00 4.26e+00 4.29e+00 4.31e+00
4.34e+00 4.36e+00 4.39e+00 4.42e+00 4.44e+00 4.47e+00 4.49e+00 4.52e+00 4.55e+00 4.57e+00
4.60e+00 4.62e+00 4.65e+00 4.67e+00 4.70e+00 4.72e+00 4.75e+00 4.78e+00 4.80e+00 4.83e+00
4.85e+00 4.88e+00 4.90e+00 4.93e+00 4.95e+00 4.98e+00 5.00e+00 5.03e+00 5.05e+00 5.08e+00
5.10e+00 5.13e+00 5.15e+00 5.18e+00 5.20e+00 5.23e+00 5.25e+00 5.28e+00 5.30e+00 5.33e+00
5.35e+00 5.38e+00 5.40e+00 5.43e+00 5.45e+00 5.48e+00 5.50e+00 5.52e+00 5.55e+00 5.57e+00
5.60e+00 5.62e+00 5.65e+00 5.67e+00 5.69e+00 5.72e+00 5.74e+00 5.77e+00 5.79e+00 5.82e+00
5.84e+00 5.86e+00 5.89e+00 5.91e+00 5.94e+00 5.96e+00 5.99e+00 6.01e+00 6.03e+00 6.06e+00
6.08e+00 6.11e+00 6.13e+00 6.16e+00 6.18e+00 6.21e+00 6.23e+00 6.26e+00 6.28e+00 6.30e+00
6.33e+00 6.35e+00 6.38e+00 6.40e+00 6.43e+00 6.45e+00 6.48e+00 6.50e+00 6.53e+00 6.55e+00
6.58e+00 6.60e+00 6.62e+00 6.65e+00 6.68e+00 6.70e+00 6.72e+00 6.75e+00 6.78e+00 6.80e+00
6.82e+00 6.85e+00 6.87e+00 6.90e+00 6.92e+00 6.95e+00 6.97e+00 7.00e+00 7.02e+00 7.05e+00
7.07e+00 7.10e+00 7.12e+00 7.15e+00 7.17e+00 7.20e+00 7.22e+00 7.25e+00 7.27e+00 7.30e+00
7.32e+00 7.35e+00 7.37e+00 7.40e+00 7.42e+00 7.45e+00 7.47e+00 7.50e+00 7.52e+00 7.55e+00
7.57e+00 7.60e+00 7.62e+00 7.64e+00 7.67e+00 7.69e+00 7.72e+00 7.74e+00 7.77e+00 7.79e+00
7.82e+00 7.84e+00 7.87e+00 7.89e+00 7.92e+00 7.94e+00 7.97e+00 7.99e+00 8.01e+00 8.04e+00
8.06e+00 8.09e+00 8.11e+00 8.14e+00 8.16e+00 8.19e+00 8.21e+00 8.23e+00 8.26e+00 8.28e+00
8.31e+00 8.33e+00 8.36e+00 8.38e+00 8.40e+00 8.43e+00 8.45e+00 8.48e+00 8.51e+00 8.53e+00
8.56e+00 8.58e+00 8.60e+00 8.63e+00 8.65e+00 8.68e+00 8.70e+00 8.73e+00 8.75e+00 8.77e+00
8.80e+00 8.82e+00 8.85e+00 8.87e+00 8.90e+00 8.92e+00 8.94e+00 8.97e+00 8.99e+00 9.02e+00
9.04e+00 9.07e+00 9.09e+00 9.11e+00 9.14e+00 9.16e+00 9.19e+00 9.21e+00 9.24e+00 9.26e+00
9.28e+00 9.31e+00 9.33e+00 9.36e+00 9.38e+00 9.41e+00 9.43e+00 9.45e+00 9.48e+00 9.50e+00
9.53e+00 9.55e+00 9.57e+00 9.60e+00 9.62e+00 9.65e+00 9.67e+00 9.70e+00 9.72e+00 9.75e+00
9.77e+00 9.79e+00 9.82e+00 9.84e+00 9.87e+00 9.89e+00 9.91e+00 9.94e+00 9.96e+00 9.99e+00
1.00e+01 1.00e+01 1.01e+01 1.01e+01 1.01e+01 1.01e+01 1.02e+01 1.02e+01 1.02e+01 1.02e+01
1.03e+01 1.03e+01 1.03e+01 1.03e+01 1.04e+01 1.04e+01 1.04e+01 1.04e+01 1.05e+01 1.05e+01
1.05e+01 1.05e+01 1.05e+01 1.06e+01 1.06e+01 1.06e+01 1.06e+01 1.07e+01 1.07e+01 1.07e+01
1.07e+01 1.08e+01 1.08e+01 1.08e+01 1.08e+01 1.09e+01 1.09e+01 1.09e+01 1.09e+01 1.10e+01
1.10e+01 1.10e+01 1.10e+01 1.11e+01 1.11e+01 1.11e+01 1.11e+01 1.11e+01 1.12e+01 1.12e+01
1.12e+01 1.12e+01 1.13e+01 1.13e+01 1.13e+01 1.13e+01 1.14e+01 1.14e+01 1.14e+01 1.14e+01
1.15e+01 1.15e+01 1.15e+01 1.15e+01 1.16e+01 1.16e+01 1.16e+01 1.16e+01 1.17e+01 1.17e+01
1.17e+01 1.17e+01 1.17e+01 1.18e+01 1.18e+01 1.18e+01 1.18e+01 1.19e+01 1.19e+01 1.19e+01
1.19e+01 1.20e+01 1.20e+01 1.20e+01 1.20e+01 1.21e+01 1.21e+01 1.21e+01 1.21e+01 1.22e+01
1.22e+01 1.22e+01 1.22e+01 1.23e+01 1.23e+01 1.23e+01 1.23e+01 1.24e+01 1.24e+01 1.24e+01
1.24e+01 1.24e+01 1.25e+01 1.25e+01 1.25e+01 1.25e+01 1.26e+01 1.26e+01 1.26e+01 1.26e+01
1.27e+01 1.27e+01 1.27e+01 1.27e+01 1.28e+01 1.28e+01 1.28e+01 1.28e+01 1.29e+01 1.29e+01
1.29e+01 1.29e+01 1.29e+01 1.30e+01 1.30e+01 1.30e+01 1.30e+01 1.31e+01 1.31e+01 1.31e+01
1.31e+01 1.32e+01 1.32e+01 1.32e+01 1.32e+01 1.33e+01 1.33e+01 1.33e+01 1.33e+01 1.34e+01
1.34e+01 1.34e+01 1.34e+01 1.34e+01 1.35e+01 1.35e+01 1.35e+01 1.35e+01 1.36e+01 1.36e+01
1.36e+01 1.36e+01 1.37e+01 1.37e+01 1.37e+01 1.37e+01 1.38e+01 1.38e+01 1.38e+01 1.38e+01
1.39e+01 1.39e+01 1.39e+01 1.39e+01 1.39e+01 1.40e+01 1.40e+01 1.40e+01 1.40e+01 1.41e+01
1.41e+01 1.41e+01 1.41e+01 1.42e+01 1.42e+01 1.42e+01 1.42e+01 1.43e+01 1.43e+01 1.43e+01
1.43e+01 1.43e+01 1.44e+01 1.44e+01 1.44e+01 1.44e+01 1.45e+01 1.45e+01 1.45e+01 1.45e+01
1.45e+01 1.46e+01 1.46e+01 1.46e+01 1.46e+01 1.46e+01 1.47e+01 1.47e+01 1.47e+01 1.47e+01
1.47e+01 1.47e+01 1.48e+01 1.48e+01 1.48e+01 1.48e+01 1.48e+01 1.48e+01 1.48e+01 1.49e+01
1.49e+01 1.49e+01 1.49e+01 1.49e+01 1.49e+01 1.49e+01 1.49e+01 1.50e+01 1.50e+01 1.50e+01
1.50e+01 1.50e+01 1.50e+01 1.50e+01 1.50e+01 1.50e+01 1.50e+01 1.50e+01 1.50e+01 1.50e+01
1.50e+01 1.51e+01 1.51e+01 1.51e+01 1.51e+01 1.51e+01 1.51e+01 1.51e+01 1.51e+01 1.51e+01
1.51e+01 1.51e+01 1.51e+01 1.51e+01 1.51e+01 1.51e+01 1.51e+01 1.51e+01 1.51e+01 1.51e+01
1.51e+01 1.51e+01 1.51e+01 1.51e+01 1.51e+01 1.51e+01 1.51e+01 1.51e+01 1.51e+01 1.51e+01
1.51e+01 1.51e+01 1.51e+01 1.51e+01 1.51e+01 1.51e+01 1.51e+01 1.51e+01 1.51e+01 1.51e+01
1.51e+01 1.51e+01 1.51e+01 1.51e+01 1.51e+01 1.51e+01 1.51e+01 1.51e+01 1.51e+01 1.51e+01
1.51e+01 1.51e+01 1.51e+01 1.51e+01 1.51e+01 1.51e+01 1.51e+01 1.51e+01 1.51e+01 1.51e+01
1.51e+01 1.51e+01 1.51e+01 1.51e+01 1.51e+01 1.51e+01 1.51e+01 1.51e+01 1.51e+01 1.51e+01
1.51e+01 1.51e+01 1.51e+01 1.51e+01 1.51e+01 1.51e+01 1.51e+01 1.51e+01 1.51e+01 1.51e+01
1.51e+01 1.51e+01 1.51e+01 1.51e+01 1.51e+01 1.51e+01 1.51e+01 1.51e+01 1.51e+01 1.51e+01
1.51e+01 1.51e+01 1.51e+01 1.51e+01 1.51e+01 1.51e+01 1.51e+01 1.51e+01 1.51e+01 1.51e+01
1.51e+01 1.51e+01 1.51e+01 1.51e+01 1.51e+01 1.51e+01 1.51e+01 1.51e+01 1.51e+01 1.51e+01
1.51e+01 1.51e+01 1.51e+01 1.51e+01 1.51e+01 1.51e+01 1.51e+01 1.51e+01 1.51e+01 1.51e+01
1.51e+01 1.51e+01 1.51e+01 1.51e+01 1.51e+01 1.51e+01 1.51e+01 1.51e+01 1.51e+01 1.51e+01
1.51e+01 1.51e+01 1.51e+01 1.51e+01 1.51e+01 1.51e+01 1.51e+01 1.51e+01 1.51e+01 1.51e+01
1.51e+01 1.51e+01 1.51e+01 1.51e+01 1.51e+01 1.51e+01 1.51e+01 1.51e+01 1.51e+01 1.51e+01
1.51e+01 1.51e+01 1.51e+01 1.51e+01 1.51e+01 1.51e+01 1.51e+01 1.51e+01 7.99e-44
[ R.vdc.v2 ]
2       3       0         95
2       4       0         95
2       5       0         95
2       6       0         79
0.3587 1.02793 -0.0042426 45.0                 z, wbeg, wspac, wangle (m)   
4.948e4                                        Drift velocity (m/s)
TDC Offset Values
   1   1697    2   1697    3   1697    4   1697    5   1697    6   1697    7   1697    8   1697
   9   1697   10   1697   11   1697   12   1697   13   1697   14   1697   15   1697   16   1697
  17 1694.5   18 1694.5   19 1694.5   20 1694.5   21 1694.5   22 1694.5   23 1694.5   24 1694.5
  25 1694.5   26 1694.5   27 1694.5   28 1694.5   29 1694.5   30 1694.5   31 1694.5   32 1694.5
  33 1694.4   34 1694.4   35 1694.4   36 1694.4   37 1694.4   38 1694.4   39 1694.4   40 1694.4
  41 1694.4   42 1694.4   43 1694.4   44 1694.4   45 1694.4   46 1694.4   47 1694.4   48 1694.4
  49 1691.3   50 1691.3   51 1691.3   52 1691.3   53 1691.3   54 1691.3   55 1691.3   56 1691.3
  57 1691.3   58 1691.3   59 1691.3   60 1691.3   61 1691.3   62 1691.3   63 1691.3   64 1691.3
  65 1692.6   66 1692.6   67 1692.6   68 1692.6   69 1692.6   70 1692.6   71 1692.6   72 1692.6
  73 1692.6   74 1692.6   75 1692.6   76 1692.6   77 1692.6   78 1692.6   79 1692.6   80 1692.6
  81 1690.9   82 1690.9   83 1690.9   84 1690.9   85 1690.9   86 1690.9   87 1690.9   88 1690.9
  89 1690.9   90 1690.9   91 1690.9   92 1690.9   93 1690.9   94 1690.9   95 1690.9   96 1690.9
  97 1698.3   98 1698.3   99 1698.3  100 1698.3  101 1698.3  102 1698.3  103 1698.3  104 1698.3
 105 1698.3  106 1698.3  107 1698.3  108 1698.3  109 1698.3  110 1698.3  111 1698.3  112 1698.3
 113 1695.1  114 1695.1  115 1695.1  116 1695.1  117 1695.1  118 1695.1  119 1695.1  120 1695.1
 121 1695.1  122 1695.1  123 1695.1  124 1695.1  125 1695.1  126 1695.1  127 1695.1  128 1695.1
 129 1697.2  130 1697.2  131 1697.2  132 1697.2  133 1697.2  134 1697.2  135 1697.2  136 1697.2
 137 1697.2  138 1697.2  139 1697.2  140 1697.2  141 1697.2  142 1697.2  143 1697.2  144 1697.2
 145 1702.1  146 1702.1  147 1702.1  148 1702.1  149 1702.1  150 1702.1  151 1702.1  152 1702.1
 153 1702.1  154 1702.1  155 1702.1  156 1702.1  157 1702.1  158 1702.1  159 1702.1  160 1702.1
 161 1702.3  162 1702.3  163 1702.3  164 1702.3  165 1702.3  166 1702.3  167 1702.3  168 1702.3
 169 1702.3  170 1702.3  171 1702.3  172 1702.3  173 1702.3  174 1702.3  175 1702.3  176 1702.3
 177 1700.9  178 1700.9  179 1700.9  180 1700.9  181 1700.9  182 1700.9  183 1700.9  184 1700.9
 185 1700.9  186 1700.9  187 1700.9  188 1700.9  189 1700.9  190 1700.9  191 1700.9  192 1700.9
 193 1707.4  194 1707.4  195 1707.4  196 1707.4  197 1707.4  198 1707.4  199 1707.4  200 1707.4
 201 1707.4  202 1707.4  203 1707.4  204 1707.4  205 1707.4  206 1707.4  207 1707.4  208 1707.4
 209 1704.1  210 1704.1  211 1704.1  212 1704.1  213 1704.1  214 1704.1  215 1704.1  216 1704.1
 217 1704.1  218 1704.1  219 1704.1  220 1704.1  221 1704.1  222 1704.1  223 1704.1  224 1704.1
 225 1702.9  226 1702.9  227 1702.9  228 1702.9  229 1702.9  230 1702.9  231 1702.9  232 1702.9
 233 1702.9  234 1702.9  235 1702.9  236 1702.9  237 1702.9  238 1702.9  239 1702.9  240 1702.9
 241 1696.3  242 1696.3  243 1696.3  244 1696.3  245 1696.3  246 1696.3  247 1696.3  248 1696.3
 249 1696.3  250 1696.3  251 1696.3  252 1696.3  253 1696.3  254 1696.3  255 1696.3  256 1696.3
 257 1696.6  258 1696.6  259 1696.6  260 1696.6  261 1696.6  262 1696.6  263 1696.6  264 1696.6
 265 1696.6  266 1696.6  267 1696.6  268 1696.6  269 1696.6  270 1696.6  271 1696.6  272 1696.6
 273 1695.8  274 1695.8  275 1695.8  276 1695.8  277 1695.8  278 1695.8  279 1695.8  280 1695.8
 281 1695.8  282 1695.8  283 1695.8  284 1695.8  285 1695.8  286 1695.8  287 1695.8  288 1695.8
 289 1703.2  290 1703.2  291 1703.2  292 1703.2  293 1703.2  294 1703.2  295 1703.2  296 1703.2
 297 1703.2  298 1703.2  299 1703.2  300 1703.2  301 1703.2  302 1703.2  303 1703.2  304 1703.2
 305 1701.1  306 1701.1  307 1701.1  308 1701.1  309 1701.1  310 1701.1  311 1701.1  312 1701.1
 313 1701.1  314 1701.1  315 1701.1  316 1701.1  317 1701.1  318 1701.1  319 1701.1  320 1701.1
 321 1699.2  322 1699.2  323 1699.2  324 1699.2  325 1699.2  326 1699.2  327 1699.2  328 1699.2
 329 1699.2  330 1699.2  331 1699.2  332 1699.2  333 1699.2  334 1699.2  335 1699.2  336 1699.2
 337 1700.5  338 1700.5  339 1700.5  340 1700.5  341 1700.5  342 1700.5  343 1700.5  344 1700.5
 345 1700.5  346 1700.5  347 1700.5  348 1700.5  349 1700.5  350 1700.5  351 1700.5  352 1700.5
 353 1703.8  354 1703.8  355 1703.8  356 1703.8  357 1703.8  358 1703.8  359 1703.8  360 1703.8
 361 1703.8  362 1703.8  363 1703.8  364 1703.8  365 1703.8  366 1703.8  367 1703.8  368 1703.8
TTD Lookup Table
2.700e-08
644
0.00e+00 0.00e+00 0.00e+00 0.00e+00 0.00e+00 0.00e+00 0.00e+00 0.00e+00 0.00e+00 0.00e+00
0.00e+00 0.00e+00 0.00e+00 0.00e+00 0.00e+00 0.00e+00 0.00e+00 0.00e+00 0.00e+00 0.00e+00
0.00e+00 0.00e+00 0.00e+00 0.00e+00 0.00e+00 0.00e+00 0.00e+00 0.00e+00 0.00e+00 0.00e+00
0.00e+00 0.00e+00 0.00e+00 0.00e+00 0.00e+00 0.00e+00 0.00e+00 0.00e+00 0.00e+00 0.00e+00
0.00e+00 0.00e+00 0.00e+00 0.00e+00 0.00e+00 0.00e+00 0.00e+00 0.00e+00 0.00e+00 0.00e+00
0.00e+00 0.00e+00 0.00e+00 1.92e-03 4.63e-03 8.17e-03 1.25e-02 1.86e-02 2.61e-02 3.54e-02
4.60e-02 5.91e-02 7.44e-02 9.16e-02 1.11e-01 1.34e-01 1.58e-01 1.84e-01 2.14e-01 2.45e-01
2.77e-01 3.11e-01 3.45e-01 3.83e-01 4.20e-01 4.58e-01 4.95e-01 5.36e-01 5.77e-01 6.17e-01
6.58e-01 7.01e-01 7.43e-01 7.85e-01 8.26e-01 8.71e-01 9.14e-01 9.58e-01 1.00e+00 1.05e+00
1.09e+00 1.14e+00 1.18e+00 1.23e+00 1.27e+00 1.32e+00 1.36e+00 1.41e+00 1.46e+00 1.50e+00
1.55e+00 1.59e+00 1.64e+00 1.69e+00 1.73e+00 1.78e+00 1.83e+00 1.87e+00 1.92e+00 1.97e+00
2.01e+00 2.06e+00 2.10e+00 2.15e+00 2.19e+00 2.24e+00 2.28e+00 2.33e+00 2.38e+00 2.42e+00
2.46e+00 2.51e+00 2.55e+00 2.59e+00 2.64e+00 2.68e+00 2.72e+00 2.76e+00 2.80e+00 2.84e+00
2.87e+00 2.91e+00 2.95e+00 2.98e+00 3.01e+00 3.05e+00 3.08e+00 3.11e+00 3.14e+00 3.17e+00
3.20e+00 3.23e+00 3.26e+00 3.29e+00 3.31e+00 3.34e+00 3.37e+00 3.40e+00 3.43e+00 3.45e+00
3.48e+00 3.51e+00 3.54e+00 3.57e+00 3.60e+00 3.62e+00 3.65e+00 3.68e+00 3.71e+00 3.74e+00
3.76e+00 3.79e+00 3.82e+00 3.85e+00 3.87e+00 3.90e+00 3.93e+00 3.96e+00 3.98e+00 4.01e+00
4.04e+00 4.06e+00 4.09e+00 4.11e+00 4.14e+00 4.17e+00 4.19e+00 4.22e+00 4.25e+00 4.27e+00
4.30e+00 4.32e+00 4.35e+00 4.38e+00 4.40e+00 4.43e+00 4.45e+00 4.48e+00 4.50e+00 4.53e+00
4.55e+00 4.58e+00 4.60e+00 4.63e+00 4.65e+00 4.68e+00 4.70e+00 4.73e+00 4.75e+00 4.78e+00
4.80e+00 4.83e+00 4.85e+00 4.88e+00 4.90e+00 4.93e+00 4.95e+00 4.98e+00 5.00e+00 5.03e+00
5.05e+00 5.08e+00 5.10e+00 5.13e+00 5.15e+00 5.18e+00 5.20e+00 5.23e+00 5.25e+00 5.27e+00
5.30e+00 5.32e+00 5.35e+00 5.37e+00 5.39e+00 5.42e+00 5.44e+00 5.47e+00 5.49e+00 5.51e+00
5.54e+00 5.56e+00 5.59e+00 5.61e+00 5.63e+00 5.66e+00 5.68e+00 5.71e+00 5.73e+00 5.75e+00
5.77e+00 5.80e+00 5.82e+00 5.85e+00 5.87e+00 5.89e+00 5.92e+00 5.94e+00 5.96e+00 5.99e+00
6.01e+00 6.04e+00 6.06e+00 6.09e+00 6.11e+00 6.13e+00 6.16e+00 6.18e+00 6.21e+00 6.23e+00
6.25e+00 6.28e+00 6.30e+00 6.33e+00 6.35e+00 6.38e+00 6.40e+00 6.42e+00 6.45e+00 6.47e+00
6.50e+00 6.52e+00 6.54e+00 6.57e+00 6.59e+00 6.62e+00 6.64e+00 6.67e+00 6.69e+00 6.72e+00
6.74e+00 6.77e+00 6.79e+00 6.81e+00 6.84e+00 6.86e+00 6.89e+00 6.91e+00 6.93e+00 6.96e+00
6.98e+00 7.01e+00 7.03e+00 7.06e+00 7.08e+00 7.10e+00 7.13e+00 7.15e+00 7.18e+00 7.20e+00
7.23e+00 7.25e+00 7.28e+00 7.30e+00 7.32e+00 7.35e+00 7.37e+00 7.40e+00 7.42e+00 7.45e+00
7.47e+00 7.49e+00 7.52e+00 7.54e+00 7.57e+00 7.59e+00 7.62e+00 7.64e+00 7.66e+00 7.69e+00
7.71e+00 7.74e+00 7.76e+00 7.79e+00 7.81e+00 7.83e+00 7.86e+00 7.88e+00 7.91e+00 7.93e+00
7.95e+00 7.98e+00 8.00e+00 8.03e+00 8.05e+00 8.08e+00 8.10e+00 8.12e+00 8.15e+00 8.17e+00
8.19e+00 8.22e+00 8.24e+00 8.27e+00 8.29e+00 8.32e+00 8.34e+00 8.36e+00 8.39e+00 8.41e+00
8.43e+00 8.46e+00 8.48e+00 8.51e+00 8.53e+00 8.55e+00 8.58e+00 8.60e+00 8.62e+00 8.65e+00
8.67e+00 8.70e+00 8.72e+00 8.74e+00 8.77e+00 8.79e+00 8.82e+00 8.84e+00 8.86e+00 8.89e+00
8.91e+00 8.93e+00 8.96e+00 8.98e+00 9.01e+00 9.03e+00 9.05e+00 9.08e+00 9.10e+00 9.12e+00
9.15e+00 9.17e+00 9.20e+00 9.22e+00 9.24e+00 9.27e+00 9.29e+00 9.32e+00 9.34e+00 9.36e+00
9.39e+00 9.41e+00 9.43e+00 9.46e+00 9.48e+00 9.51e+00 9.53e+00 9.55e+00 9.58e+00 9.60e+00
9.62e+00 9.65e+00 9.67e+00 9.70e+00 9.72e+00 9.74e+00 9.77e+00 9.79e+00 9.81e+00 9.84e+00
9.86e+00 9.89e+00 9.91e+00 9.93e+00 9.96e+00 9.98e+00 1.00e+01 1.00e+01 1.01e+01 1.01e+01
1.01e+01 1.01e+01 1.01e+01 1.02e+01 1.02e+01 1.02e+01 1.02e+01 1.03e+01 1.03e+01 1.03e+01
1.03e+01 1.04e+01 1.04e+01 1.04e+01 1.04e+01 1.05e+01 1.05e+01 1.05e+01 1.05e+01 1.06e+01
1.06e+01 1.06e+01 1.06e+01 1.06e+01 1.07e+01 1.07e+01 1.07e+01 1.07e+01 1.08e+01 1.08e+01
1.08e+01 1.08e+01 1.09e+01 1.09e+01 1.09e+01 1.09e+01 1.10e+01 1.10e+01 1.10e+01 1.10e+01
1.10e+01 1.11e+01 1.11e+01 1.11e+01 1.11e+01 1.12e+01 1.12e+01 1.12e+01 1.12e+01 1.13e+01
1.13e+01 1.13e+01 1.13e+01 1.14e+01 1.14e+01 1.14e+01 1.14e+01 1.14e+01 1.15e+01 1.15e+01
1.15e+01 1.15e+01 1.16e+01 1.16e+01 1.16e+01 1.16e+01 1.17e+01 1.17e+01 1.17e+01 1.17e+01
1.18e+01 1.18e+01 1.18e+01 1.18e+01 1.19e+01 1.19e+01 1.19e+01 1.19e+01 1.19e+01 1.20e+01
1.20e+01 1.20e+01 1.20e+01 1.21e+01 1.21e+01 1.21e+01 1.21e+01 1.22e+01 1.22e+01 1.22e+01
1.22e+01 1.22e+01 1.23e+01 1.23e+01 1.23e+01 1.23e+01 1.24e+01 1.24e+01 1.24e+01 1.24e+01
1.25e+01 1.25e+01 1.25e+01 1.25e+01 1.26e+01 1.26e+01 1.26e+01 1.26e+01 1.26e+01 1.27e+01
1.27e+01 1.27e+01 1.27e+01 1.28e+01 1.28e+01 1.28e+01 1.28e+01 1.29e+01 1.29e+01 1.29e+01
1.29e+01 1.30e+01 1.30e+01 1.30e+01 1.30e+01 1.30e+01 1.31e+01 1.31e+01 1.31e+01 1.31e+01
1.32e+01 1.32e+01 1.32e+01 1.32e+01 1.33e+01 1.33e+01 1.33e+01 1.33e+01 1.34e+01 1.34e+01
1.34e+01 1.34e+01 1.34e+01 1.35e+01 1.35e+01 1.35e+01 1.35e+01 1.36e+01 1.36e+01 1.36e+01
1.36e+01 1.37e+01 1.37e+01 1.37e+01 1.37e+01 1.37e+01 1.38e+01 1.38e+01 1.38e+01 1.38e+01
1.39e+01 1.39e+01 1.39e+01 1.39e+01 1.40e+01 1.40e+01 1.40e+01 1.40e+01 1.41e+01 1.41e+01
1.41e+01 1.41e+01 1.41e+01 1.42e+01 1.42e+01 1.42e+01 1.42e+01 1.43e+01 1.43e+01 1.43e+01
1.43e+01 1.43e+01 1.44e+01 1.44e+01 1.44e+01 1.44e+01 1.45e+01 1.45e+01 1.45e+01 1.45e+01
1.45e+01 1.46e+01 1.46e+01 1.46e+01 1.46e+01 1.46e+01 1.46e+01 1.47e+01 1.47e+01 1.47e+01
1.47e+01 1.47e+01 1.48e+01 1.48e+01 1.48e+01 1.48e+01 1.48e+01 1.48e+01 1.48e+01 1.49e+01
1.49e+01 1.49e+01 1.49e+01 1.49e+01 1.49e+01 1.49e+01 1.49e+01 1.49e+01 1.50e+01 1.50e+01
1.50e+01 1.50e+01 1.50e+01 1.50e+01 1.51e+01 1.51e+01 1.51e+01 1.51e+01 1.51e+01 1.51e+01
1.51e+01 1.51e+01 1.51e+01 1.51e+01 1.51e+01 1.51e+01 1.51e+01 1.51e+01 1.51e+01 1.51e+01
1.51e+01 1.51e+01 1.51e+01 1.51e+01 1.51e+01 1.51e+01 1.51e+01 1.51e+01 1.51e+01 1.51e+01
1.51e+01 1.51e+01 1.51e+01 1.51e+01 1.51e+01 1.51e+01 1.51e+01 1.51e+01 1.51e+01 1.51e+01
1.51e+01 1.51e+01 1.51e+01 1.51e+01 1.51e+01 1.51e+01 1.51e+01 1.51e+01 1.51e+01 1.51e+01
1.51e+01 1.51e+01 1.51e+01 1.51e+01 1.51e+01 1.51e+01 1.51e+01 1.51e+01 1.51e+01 1.51e+01
1.51e+01 1.51e+01 1.51e+01 1.51e+01 1.51e+01 1.51e+01 1.51e+01 1.51e+01 1.51e+01 1.51e+01
1.51e+01 1.51e+01 1.51e+01 1.51e+01 1.51e+01 1.51e+01 1.51e+01 1.51e+01 1.51e+01 1.51e+01
1.51e+01 1.51e+01 1.51e+01 1.51e+01 1.51e+01 1.51e+01 1.51e+01 1.51e+01 1.51e+01 1.51e+01
1.51e+01 1.51e+01 1.51e+01 1.51e+01 1.51e+01 1.51e+01 1.51e+01 1.51e+01 1.51e+01 1.51e+01
1.51e+01 1.51e+01 1.51e+01 1.51e+01 1.51e+01 1.51e+01 1.51e+01 1.51e+01 1.51e+01 1.51e+01
1.51e+01 1.51e+01 1.51e+01 1.51e+01 1.51e+01 1.51e+01 1.51e+01 1.51e+01 1.51e+01 1.51e+01
1.51e+01 1.51e+01 1.51e+01 1.51e+01 1.51e+01 1.51e+01 1.51e+01 1.51e+01 1.51e+01 1.51e+01
1.51e+01 1.51e+01 1.51e+01 1.51e+01 1.51e+01 1.51e+01 1.51e+01 1.51e+01 1.51e+01 1.51e+01
1.51e+01 1.51e+01 1.51e+01 1.51e+01 1.51e+01 1.51e+01 1.51e+01 1.51e+01 1.51e+01 1.51e+01
1.51e+01 1.51e+01 1.51e+01 1.51e+01 1.51e+01 1.51e+01 1.51e+01 1.51e+01 7.99e-44
[ R.global ]  
0.3348 1 0.0 269.8 0.0 -1.6e-03           VDC Angle, Plane Spacing, Gamma Coefficents   
matrix elements   
t 0 0 0 -1.0046E+00 -3.3492E-01 -4.0787E-02  0.0000E+00  0.0000E+00  0.0000E+00   0.0000E+00  0
y 0 0 0 -5.1574E-03  2.6424E-04  2.2346E-03  0.0000E+00  0.0000E+00  0.0000E+00   0.0000E+00  0
p 0 0 0 -7.4355E-04 -2.1302E-03  1.1950E-03  0.0000E+00  0.0000E+00  0.0000E+00   0.0000E+00  0
D 0 0 0   0.000000e+00  8.321300e-02  1.236100e-02  1.595300e-03 -3.987200e-03  0.000000e+00  0.000000e+00  0
D 1 0 0  -1.904300e-02  2.564100e-01  2.177900e-02  1.307200e-01  0.000000e+00  0.000000e+00  0.000000e+00  0
D 2 0 0  -1.086400e+00  8.849600e-01 -1.943100e+00  0.000000e+00  0.000000e+00  0.000000e+00  0.000000e+00  0
D 0 0 2   1.953800e-02  3.037100e-01 -1.215500e+00  0.000000e+00  0.000000e+00  0.000000e+00  0.000000e+00  0
D 0 2 0   2.882900e-01 -2.909200e-01 -3.113400e-01  0.000000e+00  0.000000e+00  0.000000e+00  0.000000e+00  0
D 0 1 1   4.594300e-01 -7.456400e-02  8.992200e-01  0.000000e+00  0.000000e+00  0.000000e+00  0.000000e+00  0
D 3 0 0   5.096000e-01  9.777800e+00  0.000000e+00  0.000000e+00  0.000000e+00  0.000000e+00  0.000000e+00  0
D 1 2 0  -8.255500e+00  2.005100e+01  0.000000e+00  0.000000e+00  0.000000e+00  0.000000e+00  0.000000e+00  0
D 1 0 2  -1.216700e+01 -1.312900e+01  0.000000e+00  0.000000e+00  0.000000e+00  0.000000e+00  0.000000e+00  0
D 1 1 1  -3.109900e+01 -4.512300e+01  0.000000e+00  0.000000e+00  0.000000e+00  0.000000e+00  0.000000e+00  0
T 0 0 0  -5.890157e-03 -1.107513e-02  1.370665e-02 -3.401577e-04 -5.458759e-03  0.000000e+00  0.000000e+00  5
T 1 0 0  -2.135196e+00  5.871695e-01  8.683047e-02 -3.451587e-02  0.000000e+00  0.000000e+00  0.000000e+00  4
T 0 1 1  -2.848942e-01 -1.930662e+00 -1.217912e+00  0.000000e+00  0.000000e+00  0.000000e+00  0.000000e+00  3
T 2 0 0  -3.032749e+00  4.125820e+00 -4.582628e+00  0.000000e+00  0.000000e+00  0.000000e+00  0.000000e+00  3
T 0 0 2   1.114162e+00 -1.470840e-01 -3.640461e+00  0.000000e+00  0.000000e+00  0.000000e+00  0.000000e+00  3
T 0 2 0  -3.324282e-01 -5.481434e-01  2.874707e-01  0.000000e+00  0.000000e+00  0.000000e+00  0.000000e+00  3
T 1 1 1  -2.598174e+01  6.248544e+01  0.000000e+00  0.000000e+00  0.000000e+00  0.000000e+00  0.000000e+00  2
T 1 2 0  -4.262691e+01 -2.866752e+01  0.000000e+00  0.000000e+00  0.000000e+00  0.000000e+00  0.000000e+00  2
T 1 0 2  -5.727462e+01  4.062895e+01  0.000000e+00  0.000000e+00  0.000000e+00  0.000000e+00  0.000000e+00  2
T 3 0 0   8.255176e+00 -3.134494e+02  0.000000e+00  0.000000e+00  0.000000e+00  0.000000e+00  0.000000e+00  2
T 2 1 1   2.832820e+03  0.000000e+00  0.000000e+00  0.000000e+00  0.000000e+00  0.000000e+00  0.000000e+00  1
T 4 0 0  -3.491989e+03  0.000000e+00  0.000000e+00  0.000000e+00  0.000000e+00  0.000000e+00  0.000000e+00  1
P 0 0 0   9.082206e-04 -8.093095e-04  1.765053e-03  1.089919e-03 -7.088993e-03  0.000000e+00  0.000000e+00  5
P 0 0 1  -9.558333e-01  1.509848e-01  1.761107e-01  3.065805e-02  0.000000e+00  0.000000e+00  0.000000e+00  4
P 1 0 0  -2.531281e-02  2.014143e-02  6.367391e-03 -5.546392e-02  0.000000e+00  0.000000e+00  0.000000e+00  4
P 0 1 0  -2.347890e-01  3.090297e-01 -5.082054e-02  1.046191e-02  0.000000e+00  0.000000e+00  0.000000e+00  4
P 0 1 2  -3.060762e+01 -3.897431e+01  0.000000e+00  0.000000e+00  0.000000e+00  0.000000e+00  0.000000e+00  2
P 1 1 0   2.020961e+00 -2.296279e-01 -5.364253e-01  0.000000e+00  0.000000e+00  0.000000e+00  0.000000e+00  3
P 1 0 1   7.228034e+00 -2.617526e+00 -1.411816e+00  0.000000e+00  0.000000e+00  0.000000e+00  0.000000e+00  3
P 0 0 3   6.421751e+00 -3.909829e+01  0.000000e+00  0.000000e+00  0.000000e+00  0.000000e+00  0.000000e+00  2
P 2 0 1  -7.947694e+01 -5.462861e+01  0.000000e+00  0.000000e+00  0.000000e+00  0.000000e+00  0.000000e+00  2
P 2 1 0  -7.235636e+01  3.823503e+01  0.000000e+00  0.000000e+00  0.000000e+00  0.000000e+00  0.000000e+00  2
P 0 2 1  -7.190813e+00 -1.806064e+01  0.000000e+00  0.000000e+00  0.000000e+00  0.000000e+00  0.000000e+00  2
P 0 3 0  -2.137207e+00 -5.564234e+00  0.000000e+00  0.000000e+00  0.000000e+00  0.000000e+00  0.000000e+00  2
P 1 0 3  -3.742264e+02  0.000000e+00  0.000000e+00  0.000000e+00  0.000000e+00  0.000000e+00  0.000000e+00  1
P 1 3 0  -2.307110e+02  0.000000e+00  0.000000e+00  0.000000e+00  0.000000e+00  0.000000e+00  0.000000e+00  1
P 3 0 1  -9.046750e+01  0.000000e+00  0.000000e+00  0.000000e+00  0.000000e+00  0.000000e+00  0.000000e+00  1
P 3 1 0  -1.011668e+03  0.000000e+00  0.000000e+00  0.000000e+00  0.000000e+00  0.000000e+00  0.000000e+00  1
P 1 1 2  -1.030413e+03  0.000000e+00  0.000000e+00  0.000000e+00  0.000000e+00  0.000000e+00  0.000000e+00  1
P 1 2 1  -7.521792e+02  0.000000e+00  0.000000e+00  0.000000e+00  0.000000e+00  0.000000e+00  0.000000e+00  1
Y 0 0 0   1.974270e-03  1.469719e-03 -2.036467e-03 -5.575746e-04  3.668553e-03  0.000000e+00  0.000000e+00  5
Y 0 0 1  -7.557413e-02 -2.131324e+00 -6.479527e-01  8.143728e-02  0.000000e+00  0.000000e+00  0.000000e+00  4
Y 0 1 0  -1.067138e+00 -6.832212e-01  1.930833e-01  4.018322e-02  0.000000e+00  0.000000e+00  0.000000e+00  4
Y 1 0 0   6.135439e-02 -3.914756e-02 -3.316925e-02  5.166265e-03  0.000000e+00  0.000000e+00  0.000000e+00  4
Y 1 0 1  -6.257196e+00  6.495286e-01 -9.161643e+00  0.000000e+00  0.000000e+00  0.000000e+00  0.000000e+00  3
Y 1 1 0  -9.169943e+00  1.149683e+00 -3.653278e+00  0.000000e+00  0.000000e+00  0.000000e+00  0.000000e+00  3
Y 2 0 0  -5.359046e-01  2.058983e-01  2.402287e-01  0.000000e+00  0.000000e+00  0.000000e+00  0.000000e+00  3
Y 0 0 3   3.185200e+01  3.441494e+01  0.000000e+00  0.000000e+00  0.000000e+00  0.000000e+00  0.000000e+00  2
Y 0 3 0  -3.913215e+00 -5.035495e+00  0.000000e+00  0.000000e+00  0.000000e+00  0.000000e+00  0.000000e+00  2
Y 2 1 0   2.072313e+02 -6.725617e+01  0.000000e+00  0.000000e+00  0.000000e+00  0.000000e+00  0.000000e+00  2
Y 2 0 1   6.063156e+02  2.275422e+02  0.000000e+00  0.000000e+00  0.000000e+00  0.000000e+00  0.000000e+00  2
Y 3 0 0  -8.815763e-01  1.736749e+01  0.000000e+00  0.000000e+00  0.000000e+00  0.000000e+00  0.000000e+00  2
Y 1 1 2   1.885985e+03  0.000000e+00  0.000000e+00  0.000000e+00  0.000000e+00  0.000000e+00  0.000000e+00  1
Y 1 2 1   6.905023e+02  0.000000e+00  0.000000e+00  0.000000e+00  0.000000e+00  0.000000e+00  0.000000e+00  1
Y 1 3 0   7.514686e+01  0.000000e+00  0.000000e+00  0.000000e+00  0.000000e+00  0.000000e+00  0.000000e+00  1
Y 1 0 3   1.667051e+03  0.000000e+00  0.000000e+00  0.000000e+00  0.000000e+00  0.000000e+00  0.000000e+00  1
Y 3 0 1   5.584786e+03  0.000000e+00  0.000000e+00  0.000000e+00  0.000000e+00  0.000000e+00  0.000000e+00  1
Y 3 1 0   2.048924e+03  0.000000e+00  0.000000e+00  0.000000e+00  0.000000e+00  0.000000e+00  0.000000e+00  1
L 0 0 0 0  25.713
L 1 0 0 0  0.1650
L 2 0 0 0 -0.05
L 0 1 0 0 -11.6554
L 0 2 0 0 -9.4951
L 0 0 1 0  0.0
L 0 0 2 0  0.0
L 0 0 0 1  0.0
L 0 0 0 2  0.0
XF 1 0 0 0 0 -2.181E+00
XF 0 1 0 0 0 -1.980E-01
XF 0 0 0 0 1  1.191E+01
TF 1 0 0 0 0 -1.000E-01
TF 0 1 0 0 0 -4.690E-01
TF 0 0 0 0 1  1.967E+00
PF 0 0 1 0 0  3.630E-01
PF 0 0 0 1 0 -0.902E+00
YF 0 0 1 0 0 -5.950E-01
YF 0 0 0 1 0 -1.274E+00
