########################### RIGHT SHOWER DETECTOR ##############################
Number of columns (x-stripes) and rows (y-stripes)
       5     15
Crate, Slot, First, Last ADC channels of blocks
       1     17       32     46
       1     18        0     14
       1     19        0     14
       1     16        0     14
       1     17        16    30
      -1      0        0      0
Translation table from ADC hardware channel to logical channel number (historical)
 1 2 3 4 5 6 7 8 9 10 11 12 13 14 15 16 17 18 19 20 21 22 23 24
  25 26 27 28 29 30 31 32 33 34 35 36 37 38 39 40 41 42 43 44 45 46 47 48
 49 50 51 52 53 54 55 56 57 58 59 60 61 62 63 64 65 66 67 68 69 70 71 72 73
  74 75 
x,y,z coords (in cm) of Shower front plane in spectrom cs
    -0.027    0.009   3.64                         - Meters
Half of X, half of Y, full Z sizes (in cm) of Shower
    1.1438   0.3813   0.35                         - Meters
Rotation angle of the Shower plane
     0.0                                           - Degrees
x,y position of the center of block 1
   -1.0675    -0.305                               - Meters
dx and dy block spacing
    0.1525    0.1525                               - Meters
Energy threshold for clusters to be considered
    30.0                                          - MeV
ADC pedestals
   270.819   298.362   299.316   275.087   347.311   355.764   445.886   369.343   327.297
   318.226   238.015   304.585   439.108   349.982   399.301   362.24    460.77    365.034
   321.931   402.309   410.664   416.409   385.016   463.308   368.571   279.871   385.149
   513.655   478.93    507.246   508.718   503.576   506.137   469.226   574.899   523.578
   565.975   607.631   512.354   561.714   473.977   508.872   584.758   614.896   546.716   
   617.948   563.929   558.034   544.295   659.365   618.341   650.502   649.077   601.356   
   581.971   612.302   521.176   651.648   596.053   604.114   379.281   313.403   264.197
   271.193   395.549   437.287   461.248   475.11    292.391   262.552   252.741   256.962
   487.844   365.447   383.092
Energy calibration coefficients
   1.98821    1.12409    1.22911    1.30416    0.852463
   1.13304    0.859637   1.         1.01796    0.696129
   0.668943   1.27504    1.37077    1.32428    0.708815
   1.01273    0.803208   0.877225   0.96281    0.876948
   1.06888    0.979966   0.986704   0.94797    0.92988
   1.01763    0.982431   0.926836   0.870885   0.684228
   0.846801   0.824581   0.928636   0.96623    1.02493
   0.909632   1.01677    1.02321    0.843321   1.02309
   0.932823   0.784411   0.921575   0.912249   0.665303
   0.910412   0.815984   0.888921   0.777351   0.892007
   0.969988   0.897617   0.994298   1.00821    0.995935
   0.983392   1.03372    0.897229   0.873876   0.755888
   1.03649    0.864464   0.760198   0.853854   0.866501
   1.27343    0.779057   0.790702   0.786001   0.771576
   0.711264   0.313141   0.53863    0.981482   1.

