############# RIGHT VDCS  ###################
No of Crate, Slot, First, Last chans
[ R.vdc.u1 ]
2        7       0       95
2        8       0       95
2        9       0       95
2       10       0       79
0.0  0.77852 -0.0042426 -45.0                  z, wbeg, wspac, wangle (m)
5.000e4                                        Drift velocity (m/s)
TDC Offset Values
  1 1516.9   2 1516.9   3 1516.9   4 1516.9   5 1516.9   6 1516.9   7 1516.9   8 1516.9
  9 1516.9  10 1516.9  11 1516.9  12 1516.9  13 1516.9  14 1516.9  15 1516.9  16 1516.9
 17 1514.4  18 1514.4  19 1514.4  20 1514.4  21 1514.4  22 1514.4  23 1514.4  24 1514.4
 25 1514.4  26 1514.4  27 1514.4  28 1514.4  29 1514.4  30 1514.4  31 1514.4  32 1514.4
 33 1513.3  34 1513.3  35 1513.3  36 1513.3  37 1513.3  38 1513.3  39 1513.3  40 1513.3
 41 1513.3  42 1513.3  43 1513.3  44 1513.3  45 1513.3  46 1513.3  47 1513.3  48 1513.3
 49 1511.8  50 1511.8  51 1511.8  52 1511.8  53 1511.8  54 1511.8  55 1511.8  56 1511.8
 57 1511.8  58 1511.8  59 1511.8  60 1511.8  61 1511.8  62 1511.8  63 1511.8  64 1511.8
 65 1515.4  66 1515.4  67 1515.4  68 1515.4  69 1515.4  70 1515.4  71 1515.4  72 1515.4
 73 1515.4  74 1515.4  75 1515.4  76 1515.4  77 1515.4  78 1515.4  79 1515.4  80 1515.4
 81 1512.7  82 1512.7  83 1512.7  84 1512.7  85 1512.7  86 1512.7  87 1512.7  88 1512.7
 89 1512.7  90 1512.7  91 1512.7  92 1512.7  93 1512.7  94 1512.7  95 1512.7  96 1512.7
 97 1517.7  98 1517.7  99 1517.7 100 1517.7 101 1517.7 102 1517.7 103 1517.7 104 1517.7
105 1517.7 106 1517.7 107 1517.7 108 1517.7 109 1517.7 110 1517.7 111 1517.7 112 1517.7
113 1517.1 114 1517.1 115 1517.1 116 1517.1 117 1517.1 118 1517.1 119 1517.1 120 1517.1
121 1517.1 122 1517.1 123 1517.1 124 1517.1 125 1517.1 126 1517.1 127 1517.1 128 1517.1
129 1519.9 130 1519.9 131 1519.9 132 1519.9 133 1519.9 134 1519.9 135 1519.9 136 1519.9
137 1519.9 138 1519.9 139 1519.9 140 1519.9 141 1519.9 142 1519.9 143 1519.9 144 1519.9
145 1517.1 146 1517.1 147 1517.1 148 1517.1 149 1517.1 150 1517.1 151 1517.1 152 1517.1
153 1517.1 154 1517.1 155 1517.1 156 1517.1 157 1517.1 158 1517.1 159 1517.1 160 1517.1
161 1517.8 162 1517.8 163 1517.8 164 1517.8 165 1517.8 166 1517.8 167 1517.8 168 1517.8
169 1517.8 170 1517.8 171 1517.8 172 1517.8 173 1517.8 174 1517.8 175 1517.8 176 1517.8
177 1517.1 178 1517.1 179 1517.1 180 1517.1 181 1517.1 182 1517.1 183 1517.1 184 1517.1
185 1517.1 186 1517.1 187 1517.1 188 1517.1 189 1517.1 190 1517.1 191 1517.1 192 1517.1
193 1520.2 194 1520.2 195 1520.2 196 1520.2 197 1520.2 198 1520.2 199 1520.2 200 1520.2
201 1520.2 202 1520.2 203 1520.2 204 1520.2 205 1520.2 206 1520.2 207 1520.2 208 1520.2
209 1517.8 210 1517.8 211 1517.8 212 1517.8 213 1517.8 214 1517.8 215 1517.8 216 1517.8
217 1517.8 218 1517.8 219 1517.8 220 1517.8 221 1517.8 222 1517.8 223 1517.8 224 1517.8
225 1519.5 226 1519.5 227 1519.5 228 1519.5 229 1519.5 230 1519.5 231 1519.5 232 1519.5
233 1519.5 234 1519.5 235 1519.5 236 1519.5 237 1519.5 238 1519.5 239 1519.5 240 1519.5
241 1517.5 242 1517.5 243 1517.5 244 1517.5 245 1517.5 246 1517.5 247 1517.5 248 1517.5
249 1517.5 250 1517.5 251 1517.5 252 1517.5 253 1517.5 254 1517.5 255 1517.5 256 1517.5
257 1519.6 258 1519.6 259 1519.6 260 1519.6 261 1519.6 262 1519.6 263 1519.6 264 1519.6
265 1519.6 266 1519.6 267 1519.6 268 1519.6 269 1519.6 270 1519.6 271 1519.6 272 1519.6
273 1516.6 274 1516.6 275 1516.6 276 1516.6 277 1516.6 278 1516.6 279 1516.6 280 1516.6
281 1516.6 282 1516.6 283 1516.6 284 1516.6 285 1516.6 286 1516.6 287 1516.6 288 1516.6
289 1521.1 290 1521.1 291 1521.1 292 1521.1 293 1521.1 294 1521.1 295 1521.1 296 1521.1
297 1521.1 298 1521.1 299 1521.1 300 1521.1 301 1521.1 302 1521.1 303 1521.1 304 1521.1
305 1519.9 306 1519.9 307 1519.9 308 1519.9 309 1519.9 310 1519.9 311 1519.9 312 1519.9
313 1519.9 314 1519.9 315 1519.9 316 1519.9 317 1519.9 318 1519.9 319 1519.9 320 1519.9
321 1520.5 322 1520.5 323 1520.5 324 1520.5 325 1520.5 326 1520.5 327 1520.5 328 1520.5
329 1520.5 330 1520.5 331 1520.5 332 1520.5 333 1520.5 334 1520.5 335 1520.5 336 1520.5
337 1523.4 338 1523.4 339 1523.4 340 1523.4 341 1523.4 342 1523.4 343 1523.4 344 1523.4
345 1523.4 346 1523.4 347 1523.4 348 1523.4 349 1523.4 350 1523.4 351 1523.4 352 1523.4
353 1522.2 354 1522.2 355 1522.2 356 1522.2 357 1522.2 358 1522.2 359 1522.2 360 1522.2
361 1522.2 362 1522.2 363 1522.2 364 1522.2 365 1522.2 366 1522.2 367 1522.2 368 1522.2


TTD Lookup Table
2.550e-08
647
0.00e+00 0.00e+00 0.00e+00 0.00e+00 0.00e+00 0.00e+00 0.00e+00 0.00e+00 0.00e+00 0.00e+00
0.00e+00 0.00e+00 0.00e+00 0.00e+00 0.00e+00 0.00e+00 0.00e+00 0.00e+00 0.00e+00 0.00e+00
0.00e+00 0.00e+00 0.00e+00 0.00e+00 0.00e+00 0.00e+00 0.00e+00 0.00e+00 0.00e+00 0.00e+00
0.00e+00 0.00e+00 0.00e+00 0.00e+00 0.00e+00 0.00e+00 0.00e+00 0.00e+00 0.00e+00 0.00e+00
0.00e+00 0.00e+00 0.00e+00 0.00e+00 0.00e+00 0.00e+00 0.00e+00 0.00e+00 0.00e+00 0.00e+00
2.79e-03 6.79e-03 1.19e-02 1.82e-02 2.59e-02 3.57e-02 4.72e-02 6.06e-02 7.67e-02 9.54e-02
1.16e-01 1.38e-01 1.63e-01 1.91e-01 2.21e-01 2.51e-01 2.85e-01 3.20e-01 3.62e-01 3.99e-01
4.39e-01 4.78e-01 5.18e-01 5.58e-01 6.02e-01 6.43e-01 6.86e-01 7.27e-01 7.71e-01 8.14e-01
8.57e-01 8.99e-01 9.45e-01 9.88e-01 1.03e+00 1.08e+00 1.12e+00 1.16e+00 1.21e+00 1.25e+00
1.30e+00 1.34e+00 1.39e+00 1.43e+00 1.48e+00 1.52e+00 1.57e+00 1.61e+00 1.66e+00 1.70e+00
1.75e+00 1.79e+00 1.83e+00 1.88e+00 1.92e+00 1.97e+00 2.01e+00 2.06e+00 2.10e+00 2.15e+00
2.19e+00 2.24e+00 2.28e+00 2.32e+00 2.37e+00 2.41e+00 2.45e+00 2.49e+00 2.54e+00 2.58e+00
2.62e+00 2.66e+00 2.70e+00 2.74e+00 2.78e+00 2.82e+00 2.86e+00 2.90e+00 2.93e+00 2.96e+00
3.00e+00 3.03e+00 3.06e+00 3.09e+00 3.13e+00 3.16e+00 3.18e+00 3.21e+00 3.25e+00 3.27e+00
3.30e+00 3.33e+00 3.36e+00 3.38e+00 3.41e+00 3.44e+00 3.47e+00 3.50e+00 3.53e+00 3.55e+00
3.58e+00 3.61e+00 3.64e+00 3.67e+00 3.70e+00 3.72e+00 3.75e+00 3.78e+00 3.81e+00 3.83e+00
3.86e+00 3.89e+00 3.92e+00 3.94e+00 3.97e+00 4.00e+00 4.02e+00 4.05e+00 4.08e+00 4.10e+00
4.13e+00 4.16e+00 4.18e+00 4.21e+00 4.24e+00 4.26e+00 4.29e+00 4.32e+00 4.34e+00 4.37e+00
4.39e+00 4.42e+00 4.44e+00 4.47e+00 4.50e+00 4.52e+00 4.55e+00 4.57e+00 4.60e+00 4.62e+00
4.65e+00 4.67e+00 4.70e+00 4.72e+00 4.75e+00 4.77e+00 4.80e+00 4.82e+00 4.85e+00 4.87e+00
4.90e+00 4.92e+00 4.95e+00 4.97e+00 5.00e+00 5.02e+00 5.05e+00 5.07e+00 5.10e+00 5.12e+00
5.14e+00 5.17e+00 5.19e+00 5.22e+00 5.24e+00 5.27e+00 5.29e+00 5.31e+00 5.34e+00 5.36e+00
5.39e+00 5.41e+00 5.44e+00 5.46e+00 5.48e+00 5.51e+00 5.53e+00 5.55e+00 5.58e+00 5.60e+00
5.63e+00 5.65e+00 5.67e+00 5.70e+00 5.72e+00 5.74e+00 5.77e+00 5.79e+00 5.81e+00 5.84e+00
5.86e+00 5.88e+00 5.91e+00 5.93e+00 5.96e+00 5.98e+00 6.00e+00 6.03e+00 6.05e+00 6.07e+00
6.10e+00 6.12e+00 6.15e+00 6.17e+00 6.19e+00 6.22e+00 6.24e+00 6.26e+00 6.29e+00 6.31e+00
6.34e+00 6.36e+00 6.39e+00 6.41e+00 6.43e+00 6.46e+00 6.48e+00 6.51e+00 6.53e+00 6.55e+00
6.58e+00 6.60e+00 6.63e+00 6.65e+00 6.68e+00 6.70e+00 6.72e+00 6.75e+00 6.77e+00 6.80e+00
6.82e+00 6.85e+00 6.87e+00 6.89e+00 6.92e+00 6.94e+00 6.97e+00 6.99e+00 7.02e+00 7.04e+00
7.06e+00 7.09e+00 7.11e+00 7.14e+00 7.16e+00 7.18e+00 7.21e+00 7.23e+00 7.26e+00 7.28e+00
7.30e+00 7.33e+00 7.35e+00 7.38e+00 7.40e+00 7.42e+00 7.45e+00 7.47e+00 7.50e+00 7.52e+00
7.55e+00 7.57e+00 7.59e+00 7.62e+00 7.64e+00 7.67e+00 7.69e+00 7.71e+00 7.74e+00 7.76e+00
7.78e+00 7.81e+00 7.83e+00 7.86e+00 7.88e+00 7.90e+00 7.93e+00 7.95e+00 7.98e+00 8.00e+00
8.02e+00 8.05e+00 8.07e+00 8.09e+00 8.12e+00 8.14e+00 8.17e+00 8.19e+00 8.21e+00 8.24e+00
8.26e+00 8.28e+00 8.31e+00 8.33e+00 8.35e+00 8.38e+00 8.40e+00 8.43e+00 8.45e+00 8.47e+00
8.50e+00 8.52e+00 8.55e+00 8.57e+00 8.59e+00 8.62e+00 8.64e+00 8.66e+00 8.69e+00 8.71e+00
8.73e+00 8.76e+00 8.78e+00 8.81e+00 8.83e+00 8.85e+00 8.88e+00 8.90e+00 8.92e+00 8.95e+00
8.97e+00 8.99e+00 9.02e+00 9.04e+00 9.06e+00 9.09e+00 9.11e+00 9.13e+00 9.16e+00 9.18e+00
9.21e+00 9.23e+00 9.25e+00 9.28e+00 9.30e+00 9.32e+00 9.35e+00 9.37e+00 9.39e+00 9.42e+00
9.44e+00 9.46e+00 9.49e+00 9.51e+00 9.54e+00 9.56e+00 9.58e+00 9.61e+00 9.63e+00 9.65e+00
9.68e+00 9.70e+00 9.72e+00 9.75e+00 9.77e+00 9.79e+00 9.82e+00 9.84e+00 9.86e+00 9.89e+00
9.91e+00 9.94e+00 9.96e+00 9.98e+00 1.00e+01 1.00e+01 1.01e+01 1.01e+01 1.01e+01 1.01e+01
1.01e+01 1.02e+01 1.02e+01 1.02e+01 1.02e+01 1.03e+01 1.03e+01 1.03e+01 1.03e+01 1.04e+01
1.04e+01 1.04e+01 1.04e+01 1.05e+01 1.05e+01 1.05e+01 1.05e+01 1.05e+01 1.06e+01 1.06e+01
1.06e+01 1.06e+01 1.07e+01 1.07e+01 1.07e+01 1.07e+01 1.08e+01 1.08e+01 1.08e+01 1.08e+01
1.08e+01 1.09e+01 1.09e+01 1.09e+01 1.09e+01 1.10e+01 1.10e+01 1.10e+01 1.10e+01 1.11e+01
1.11e+01 1.11e+01 1.11e+01 1.12e+01 1.12e+01 1.12e+01 1.12e+01 1.12e+01 1.13e+01 1.13e+01
1.13e+01 1.13e+01 1.14e+01 1.14e+01 1.14e+01 1.14e+01 1.15e+01 1.15e+01 1.15e+01 1.15e+01
1.15e+01 1.16e+01 1.16e+01 1.16e+01 1.16e+01 1.17e+01 1.17e+01 1.17e+01 1.17e+01 1.18e+01
1.18e+01 1.18e+01 1.18e+01 1.19e+01 1.19e+01 1.19e+01 1.19e+01 1.19e+01 1.20e+01 1.20e+01
1.20e+01 1.20e+01 1.21e+01 1.21e+01 1.21e+01 1.21e+01 1.22e+01 1.22e+01 1.22e+01 1.22e+01
1.22e+01 1.23e+01 1.23e+01 1.23e+01 1.23e+01 1.24e+01 1.24e+01 1.24e+01 1.24e+01 1.25e+01
1.25e+01 1.25e+01 1.25e+01 1.25e+01 1.26e+01 1.26e+01 1.26e+01 1.26e+01 1.27e+01 1.27e+01
1.27e+01 1.27e+01 1.28e+01 1.28e+01 1.28e+01 1.28e+01 1.28e+01 1.29e+01 1.29e+01 1.29e+01
1.29e+01 1.30e+01 1.30e+01 1.30e+01 1.30e+01 1.31e+01 1.31e+01 1.31e+01 1.31e+01 1.31e+01
1.32e+01 1.32e+01 1.32e+01 1.32e+01 1.33e+01 1.33e+01 1.33e+01 1.33e+01 1.34e+01 1.34e+01
1.34e+01 1.34e+01 1.34e+01 1.35e+01 1.35e+01 1.35e+01 1.35e+01 1.36e+01 1.36e+01 1.36e+01
1.36e+01 1.37e+01 1.37e+01 1.37e+01 1.37e+01 1.37e+01 1.38e+01 1.38e+01 1.38e+01 1.38e+01
1.39e+01 1.39e+01 1.39e+01 1.39e+01 1.40e+01 1.40e+01 1.40e+01 1.40e+01 1.40e+01 1.41e+01
1.41e+01 1.41e+01 1.41e+01 1.42e+01 1.42e+01 1.42e+01 1.42e+01 1.42e+01 1.43e+01 1.43e+01
1.43e+01 1.43e+01 1.44e+01 1.44e+01 1.44e+01 1.44e+01 1.44e+01 1.45e+01 1.45e+01 1.45e+01
1.45e+01 1.45e+01 1.45e+01 1.46e+01 1.46e+01 1.46e+01 1.46e+01 1.46e+01 1.47e+01 1.47e+01
1.47e+01 1.47e+01 1.47e+01 1.47e+01 1.48e+01 1.48e+01 1.48e+01 1.48e+01 1.48e+01 1.48e+01
1.48e+01 1.48e+01 1.49e+01 1.49e+01 1.49e+01 1.49e+01 1.49e+01 1.49e+01 1.49e+01 1.49e+01
1.49e+01 1.50e+01 1.50e+01 1.50e+01 1.50e+01 1.50e+01 1.50e+01 1.51e+01 1.51e+01 1.51e+01
1.51e+01 1.51e+01 1.51e+01 1.51e+01 1.51e+01 1.51e+01 1.51e+01 1.51e+01 1.51e+01 1.51e+01
1.51e+01 1.51e+01 1.51e+01 1.51e+01 1.51e+01 1.51e+01 1.51e+01 1.51e+01 1.51e+01 1.51e+01
1.51e+01 1.51e+01 1.51e+01 1.51e+01 1.51e+01 1.51e+01 1.51e+01 1.51e+01 1.51e+01 1.51e+01
1.51e+01 1.51e+01 1.51e+01 1.51e+01 1.51e+01 1.51e+01 1.51e+01 1.51e+01 1.51e+01 1.51e+01
1.51e+01 1.51e+01 1.51e+01 1.51e+01 1.51e+01 1.51e+01 1.51e+01 1.51e+01 1.51e+01 1.51e+01
1.51e+01 1.51e+01 1.51e+01 1.51e+01 1.51e+01 1.51e+01 1.51e+01 1.51e+01 1.51e+01 1.51e+01
1.51e+01 1.51e+01 1.51e+01 1.51e+01 1.51e+01 1.51e+01 1.51e+01 1.51e+01 1.51e+01 1.51e+01
1.51e+01 1.51e+01 1.51e+01 1.51e+01 1.51e+01 1.51e+01 1.51e+01 1.51e+01 1.51e+01 1.51e+01
1.51e+01 1.51e+01 1.51e+01 1.51e+01 1.51e+01 1.51e+01 1.51e+01 1.51e+01 1.51e+01 1.51e+01
1.51e+01 1.51e+01 1.51e+01 1.51e+01 1.51e+01 1.51e+01 1.51e+01 1.51e+01 1.51e+01 1.51e+01
1.51e+01 1.51e+01 1.51e+01 1.51e+01 1.51e+01 1.51e+01 1.51e+01 1.51e+01 1.51e+01 1.51e+01
1.51e+01 1.51e+01 1.51e+01 1.51e+01 1.51e+01 1.51e+01 1.51e+01 1.51e+01 1.51e+01 1.51e+01
1.51e+01 1.51e+01 1.51e+01 1.51e+01 1.51e+01 1.51e+01 1.51e+01 1.51e+01 1.51e+01 1.51e+01
1.51e+01 1.51e+01 1.51e+01 1.51e+01 1.51e+01 1.51e+01 1.51e+01 1.51e+01 1.51e+01 1.51e+01
1.51e+01 1.51e+01 1.51e+01 1.51e+01 1.51e+01 1.51e+01 1.51e+01 1.51e+01 
[ R.vdc.v1 ]
6      17       0         95
6      18       0         95
6      19       0         95
6      20       0         79
0.026  0.77852 -0.0042426 45.0                 z, wbeg, wspac, wangle (m)
4.971e4                                        Drift velocity (m/s)
TDC Offset Values
  1 1524.6   2 1524.6   3 1524.6   4 1524.6   5 1524.6   6 1524.6   7 1524.6   8 1524.6
  9 1524.6  10 1524.6  11 1524.6  12 1524.6  13 1524.6  14 1524.6  15 1524.6  16 1524.6
 17 1519.4  18 1519.4  19 1519.4  20 1519.4  21 1519.4  22 1519.4  23 1519.4  24 1519.4
 25 1519.4  26 1519.4  27 1519.4  28 1519.4  29 1519.4  30 1519.4  31 1519.4  32 1519.4
 33 1522.8  34 1522.8  35 1522.8  36 1522.8  37 1522.8  38 1522.8  39 1522.8  40 1522.8
 41 1522.8  42 1522.8  43 1522.8  44 1522.8  45 1522.8  46 1522.8  47 1522.8  48 1522.8
 49 1519.7  50 1519.7  51 1519.7  52 1519.7  53 1519.7  54 1519.7  55 1519.7  56 1519.7
 57 1519.7  58 1519.7  59 1519.7  60 1519.7  61 1519.7  62 1519.7  63 1519.7  64 1519.7
 65 1522.9  66 1522.9  67 1522.9  68 1522.9  69 1522.9  70 1522.9  71 1522.9  72 1522.9
 73 1522.9  74 1522.9  75 1522.9  76 1522.9  77 1522.9  78 1522.9  79 1522.9  80 1522.9
 81 1522.3  82 1522.3  83 1522.3  84 1522.3  85 1522.3  86 1522.3  87 1522.3  88 1522.3
 89 1522.3  90 1522.3  91 1522.3  92 1522.3  93 1522.3  94 1522.3  95 1522.3  96 1522.3
 97 1524.0  98 1524.0  99 1524.0 100 1524.0 101 1524.0 102 1524.0 103 1524.0 104 1524.0
105 1524.0 106 1524.0 107 1524.0 108 1524.0 109 1524.0 110 1524.0 111 1524.0 112 1524.0
113 1523.2 114 1523.2 115 1523.2 116 1523.2 117 1523.2 118 1523.2 119 1523.2 120 1523.2
121 1523.2 122 1523.2 123 1523.2 124 1523.2 125 1523.2 126 1523.2 127 1523.2 128 1523.2
129 1523.9 130 1523.9 131 1523.9 132 1523.9 133 1523.9 134 1523.9 135 1523.9 136 1523.9
137 1523.9 138 1523.9 139 1523.9 140 1523.9 141 1523.9 142 1523.9 143 1523.9 144 1523.9
145 1522.3 146 1522.3 147 1522.3 148 1522.3 149 1522.3 150 1522.3 151 1522.3 152 1522.3
153 1522.3 154 1522.3 155 1522.3 156 1522.3 157 1522.3 158 1522.3 159 1522.3 160 1522.3
161 1522.4 162 1522.4 163 1522.4 164 1522.4 165 1522.4 166 1522.4 167 1522.4 168 1522.4
169 1522.4 170 1522.4 171 1522.4 172 1522.4 173 1522.4 174 1522.4 175 1522.4 176 1522.4
177 1521.4 178 1521.4 179 1521.4 180 1521.4 181 1521.4 182 1521.4 183 1521.4 184 1521.4
185 1521.4 186 1521.4 187 1521.4 188 1521.4 189 1521.4 190 1521.4 191 1521.4 192 1521.4
193 1524.4 194 1524.4 195 1524.4 196 1524.4 197 1524.4 198 1524.4 199 1524.4 200 1524.4
201 1524.4 202 1524.4 203 1524.4 204 1524.4 205 1524.4 206 1524.4 207 1524.4 208 1524.4
209 1523.9 210 1523.9 211 1523.9 212 1523.9 213 1523.9 214 1523.9 215 1523.9 216 1523.9
217 1523.9 218 1523.9 219 1523.9 220 1523.9 221 1523.9 222 1523.9 223 1523.9 224 1523.9
225 1523.5 226 1523.5 227 1523.5 228 1523.5 229 1523.5 230 1523.5 231 1523.5 232 1523.5
233 1523.5 234 1523.5 235 1523.5 236 1523.5 237 1523.5 238 1523.5 239 1523.5 240 1523.5
241 1521.8 242 1521.8 243 1521.8 244 1521.8 245 1521.8 246 1521.8 247 1521.8 248 1521.8
249 1521.8 250 1521.8 251 1521.8 252 1521.8 253 1521.8 254 1521.8 255 1521.8 256 1521.8
257 1521.8 258 1521.8 259 1521.8 260 1521.8 261 1521.8 262 1521.8 263 1521.8 264 1521.8
265 1521.8 266 1521.8 267 1521.8 268 1521.8 269 1521.8 270 1521.8 271 1521.8 272 1521.8
273 1520.0 274 1520.0 275 1520.0 276 1520.0 277 1520.0 278 1520.0 279 1520.0 280 1520.0
281 1520.0 282 1520.0 283 1520.0 284 1520.0 285 1520.0 286 1520.0 287 1520.0 288 1520.0
289 1523.3 290 1523.3 291 1523.3 292 1523.3 293 1523.3 294 1523.3 295 1523.3 296 1523.3
297 1523.3 298 1523.3 299 1523.3 300 1523.3 301 1523.3 302 1523.3 303 1523.3 304 1523.3
305 1522.0 306 1522.0 307 1522.0 308 1522.0 309 1522.0 310 1522.0 311 1522.0 312 1522.0
313 1522.0 314 1522.0 315 1522.0 316 1522.0 317 1522.0 318 1522.0 319 1522.0 320 1522.0
321 1523.4 322 1523.4 323 1523.4 324 1523.4 325 1523.4 326 1523.4 327 1523.4 328 1523.4
329 1523.4 330 1523.4 331 1523.4 332 1523.4 333 1523.4 334 1523.4 335 1523.4 336 1523.4
337 1520.4 338 1520.4 339 1520.4 340 1520.4 341 1520.4 342 1520.4 343 1520.4 344 1520.4
345 1520.4 346 1520.4 347 1520.4 348 1520.4 349 1520.4 350 1520.4 351 1520.4 352 1520.4
353 1524.1 354 1524.1 355 1524.1 356 1524.1 357 1524.1 358 1524.1 359 1524.1 360 1524.1
361 1524.1 362 1524.1 363 1524.1 364 1524.1 365 1524.1 366 1524.1 367 1524.1 368 1524.1


TTD Lookup Table
2.550e-08
647
0.00e+00 0.00e+00 0.00e+00 0.00e+00 0.00e+00 0.00e+00 0.00e+00 0.00e+00 0.00e+00 0.00e+00
0.00e+00 0.00e+00 0.00e+00 0.00e+00 0.00e+00 0.00e+00 0.00e+00 0.00e+00 0.00e+00 0.00e+00
0.00e+00 0.00e+00 0.00e+00 0.00e+00 0.00e+00 0.00e+00 0.00e+00 0.00e+00 0.00e+00 0.00e+00
0.00e+00 0.00e+00 0.00e+00 0.00e+00 0.00e+00 0.00e+00 0.00e+00 0.00e+00 0.00e+00 0.00e+00
0.00e+00 0.00e+00 0.00e+00 0.00e+00 0.00e+00 0.00e+00 0.00e+00 0.00e+00 0.00e+00 0.00e+00
1.57e-03 3.72e-03 6.60e-03 1.05e-02 1.55e-02 2.17e-02 2.93e-02 3.87e-02 4.96e-02 6.23e-02
7.71e-02 9.45e-02 1.14e-01 1.36e-01 1.59e-01 1.85e-01 2.13e-01 2.42e-01 2.74e-01 3.08e-01
3.42e-01 3.78e-01 4.13e-01 4.51e-01 4.89e-01 5.27e-01 5.65e-01 6.06e-01 6.47e-01 6.87e-01
7.28e-01 7.70e-01 8.12e-01 8.54e-01 8.96e-01 9.41e-01 9.84e-01 1.03e+00 1.07e+00 1.11e+00
1.16e+00 1.20e+00 1.25e+00 1.29e+00 1.34e+00 1.38e+00 1.43e+00 1.47e+00 1.52e+00 1.57e+00
1.61e+00 1.66e+00 1.70e+00 1.75e+00 1.79e+00 1.84e+00 1.89e+00 1.93e+00 1.98e+00 2.03e+00
2.07e+00 2.12e+00 2.16e+00 2.21e+00 2.25e+00 2.30e+00 2.34e+00 2.39e+00 2.43e+00 2.48e+00
2.52e+00 2.56e+00 2.60e+00 2.65e+00 2.69e+00 2.73e+00 2.77e+00 2.81e+00 2.84e+00 2.88e+00
2.92e+00 2.95e+00 2.99e+00 3.02e+00 3.06e+00 3.09e+00 3.12e+00 3.15e+00 3.18e+00 3.21e+00
3.24e+00 3.27e+00 3.30e+00 3.33e+00 3.36e+00 3.39e+00 3.41e+00 3.44e+00 3.47e+00 3.50e+00
3.53e+00 3.55e+00 3.58e+00 3.61e+00 3.64e+00 3.67e+00 3.69e+00 3.72e+00 3.75e+00 3.77e+00
3.80e+00 3.83e+00 3.86e+00 3.88e+00 3.91e+00 3.94e+00 3.96e+00 3.99e+00 4.01e+00 4.04e+00
4.07e+00 4.09e+00 4.12e+00 4.14e+00 4.17e+00 4.20e+00 4.22e+00 4.25e+00 4.27e+00 4.30e+00
4.32e+00 4.35e+00 4.37e+00 4.40e+00 4.42e+00 4.45e+00 4.47e+00 4.50e+00 4.52e+00 4.55e+00
4.57e+00 4.60e+00 4.62e+00 4.64e+00 4.67e+00 4.69e+00 4.72e+00 4.74e+00 4.77e+00 4.79e+00
4.81e+00 4.84e+00 4.86e+00 4.89e+00 4.91e+00 4.94e+00 4.96e+00 4.99e+00 5.01e+00 5.03e+00
5.06e+00 5.08e+00 5.11e+00 5.13e+00 5.15e+00 5.18e+00 5.20e+00 5.23e+00 5.25e+00 5.27e+00
5.30e+00 5.32e+00 5.35e+00 5.37e+00 5.39e+00 5.42e+00 5.44e+00 5.47e+00 5.49e+00 5.51e+00
5.54e+00 5.56e+00 5.58e+00 5.61e+00 5.63e+00 5.65e+00 5.68e+00 5.70e+00 5.72e+00 5.75e+00
5.77e+00 5.79e+00 5.82e+00 5.84e+00 5.86e+00 5.89e+00 5.91e+00 5.93e+00 5.96e+00 5.98e+00
6.00e+00 6.03e+00 6.05e+00 6.08e+00 6.10e+00 6.12e+00 6.15e+00 6.17e+00 6.19e+00 6.22e+00
6.24e+00 6.27e+00 6.29e+00 6.31e+00 6.34e+00 6.36e+00 6.39e+00 6.41e+00 6.43e+00 6.46e+00
6.48e+00 6.50e+00 6.53e+00 6.55e+00 6.58e+00 6.60e+00 6.62e+00 6.65e+00 6.68e+00 6.70e+00
6.72e+00 6.75e+00 6.77e+00 6.79e+00 6.82e+00 6.84e+00 6.87e+00 6.89e+00 6.91e+00 6.94e+00
6.96e+00 6.99e+00 7.01e+00 7.03e+00 7.06e+00 7.08e+00 7.11e+00 7.13e+00 7.15e+00 7.18e+00
7.20e+00 7.23e+00 7.25e+00 7.27e+00 7.30e+00 7.32e+00 7.35e+00 7.37e+00 7.39e+00 7.42e+00
7.44e+00 7.47e+00 7.49e+00 7.51e+00 7.54e+00 7.56e+00 7.58e+00 7.61e+00 7.63e+00 7.66e+00
7.68e+00 7.70e+00 7.73e+00 7.75e+00 7.78e+00 7.80e+00 7.82e+00 7.85e+00 7.87e+00 7.89e+00
7.92e+00 7.94e+00 7.96e+00 7.99e+00 8.01e+00 8.04e+00 8.06e+00 8.08e+00 8.11e+00 8.13e+00
8.15e+00 8.18e+00 8.20e+00 8.23e+00 8.25e+00 8.27e+00 8.30e+00 8.32e+00 8.34e+00 8.37e+00
8.39e+00 8.41e+00 8.44e+00 8.46e+00 8.49e+00 8.51e+00 8.53e+00 8.56e+00 8.58e+00 8.60e+00
8.63e+00 8.65e+00 8.67e+00 8.70e+00 8.72e+00 8.75e+00 8.77e+00 8.79e+00 8.81e+00 8.84e+00
8.86e+00 8.89e+00 8.91e+00 8.93e+00 8.96e+00 8.98e+00 9.00e+00 9.03e+00 9.05e+00 9.07e+00
9.10e+00 9.12e+00 9.14e+00 9.17e+00 9.19e+00 9.21e+00 9.24e+00 9.26e+00 9.28e+00 9.31e+00
9.33e+00 9.36e+00 9.38e+00 9.40e+00 9.43e+00 9.45e+00 9.47e+00 9.50e+00 9.52e+00 9.54e+00
9.57e+00 9.59e+00 9.61e+00 9.64e+00 9.66e+00 9.68e+00 9.71e+00 9.73e+00 9.75e+00 9.78e+00
9.80e+00 9.82e+00 9.85e+00 9.87e+00 9.89e+00 9.92e+00 9.94e+00 9.96e+00 9.99e+00 1.00e+01
1.00e+01 1.01e+01 1.01e+01 1.01e+01 1.01e+01 1.02e+01 1.02e+01 1.02e+01 1.02e+01 1.02e+01
1.03e+01 1.03e+01 1.03e+01 1.03e+01 1.04e+01 1.04e+01 1.04e+01 1.04e+01 1.05e+01 1.05e+01
1.05e+01 1.05e+01 1.05e+01 1.06e+01 1.06e+01 1.06e+01 1.06e+01 1.07e+01 1.07e+01 1.07e+01
1.07e+01 1.08e+01 1.08e+01 1.08e+01 1.08e+01 1.09e+01 1.09e+01 1.09e+01 1.09e+01 1.09e+01
1.10e+01 1.10e+01 1.10e+01 1.10e+01 1.11e+01 1.11e+01 1.11e+01 1.11e+01 1.12e+01 1.12e+01
1.12e+01 1.12e+01 1.12e+01 1.13e+01 1.13e+01 1.13e+01 1.13e+01 1.14e+01 1.14e+01 1.14e+01
1.14e+01 1.15e+01 1.15e+01 1.15e+01 1.15e+01 1.15e+01 1.16e+01 1.16e+01 1.16e+01 1.16e+01
1.17e+01 1.17e+01 1.17e+01 1.17e+01 1.18e+01 1.18e+01 1.18e+01 1.18e+01 1.19e+01 1.19e+01
1.19e+01 1.19e+01 1.19e+01 1.20e+01 1.20e+01 1.20e+01 1.20e+01 1.21e+01 1.21e+01 1.21e+01
1.21e+01 1.22e+01 1.22e+01 1.22e+01 1.22e+01 1.22e+01 1.23e+01 1.23e+01 1.23e+01 1.23e+01
1.24e+01 1.24e+01 1.24e+01 1.24e+01 1.25e+01 1.25e+01 1.25e+01 1.25e+01 1.25e+01 1.26e+01
1.26e+01 1.26e+01 1.26e+01 1.27e+01 1.27e+01 1.27e+01 1.27e+01 1.28e+01 1.28e+01 1.28e+01
1.28e+01 1.28e+01 1.29e+01 1.29e+01 1.29e+01 1.29e+01 1.30e+01 1.30e+01 1.30e+01 1.30e+01
1.31e+01 1.31e+01 1.31e+01 1.31e+01 1.31e+01 1.32e+01 1.32e+01 1.32e+01 1.32e+01 1.33e+01
1.33e+01 1.33e+01 1.33e+01 1.34e+01 1.34e+01 1.34e+01 1.34e+01 1.34e+01 1.35e+01 1.35e+01
1.35e+01 1.35e+01 1.36e+01 1.36e+01 1.36e+01 1.36e+01 1.37e+01 1.37e+01 1.37e+01 1.37e+01
1.37e+01 1.38e+01 1.38e+01 1.38e+01 1.38e+01 1.39e+01 1.39e+01 1.39e+01 1.39e+01 1.40e+01
1.40e+01 1.40e+01 1.40e+01 1.40e+01 1.41e+01 1.41e+01 1.41e+01 1.41e+01 1.42e+01 1.42e+01
1.42e+01 1.42e+01 1.42e+01 1.43e+01 1.43e+01 1.43e+01 1.43e+01 1.43e+01 1.44e+01 1.44e+01
1.44e+01 1.44e+01 1.45e+01 1.45e+01 1.45e+01 1.45e+01 1.45e+01 1.45e+01 1.46e+01 1.46e+01
1.46e+01 1.46e+01 1.46e+01 1.47e+01 1.47e+01 1.47e+01 1.47e+01 1.47e+01 1.47e+01 1.48e+01
1.48e+01 1.48e+01 1.48e+01 1.48e+01 1.48e+01 1.48e+01 1.49e+01 1.49e+01 1.49e+01 1.49e+01
1.49e+01 1.49e+01 1.49e+01 1.49e+01 1.49e+01 1.50e+01 1.50e+01 1.51e+01 1.51e+01 1.51e+01
1.51e+01 1.51e+01 1.51e+01 1.51e+01 1.51e+01 1.51e+01 1.51e+01 1.51e+01 1.51e+01 1.51e+01
1.51e+01 1.51e+01 1.51e+01 1.51e+01 1.51e+01 1.51e+01 1.51e+01 1.51e+01 1.51e+01 1.51e+01
1.51e+01 1.51e+01 1.51e+01 1.51e+01 1.51e+01 1.51e+01 1.51e+01 1.51e+01 1.51e+01 1.51e+01
1.51e+01 1.51e+01 1.51e+01 1.51e+01 1.51e+01 1.51e+01 1.51e+01 1.51e+01 1.51e+01 1.51e+01
1.51e+01 1.51e+01 1.51e+01 1.51e+01 1.51e+01 1.51e+01 1.51e+01 1.51e+01 1.51e+01 1.51e+01
1.51e+01 1.51e+01 1.51e+01 1.51e+01 1.51e+01 1.51e+01 1.51e+01 1.51e+01 1.51e+01 1.51e+01
1.51e+01 1.51e+01 1.51e+01 1.51e+01 1.51e+01 1.51e+01 1.51e+01 1.51e+01 1.51e+01 1.51e+01
1.51e+01 1.51e+01 1.51e+01 1.51e+01 1.51e+01 1.51e+01 1.51e+01 1.51e+01 1.51e+01 1.51e+01
1.51e+01 1.51e+01 1.51e+01 1.51e+01 1.51e+01 1.51e+01 1.51e+01 1.51e+01 1.51e+01 1.51e+01
1.51e+01 1.51e+01 1.51e+01 1.51e+01 1.51e+01 1.51e+01 1.51e+01 1.51e+01 1.51e+01 1.51e+01
1.51e+01 1.51e+01 1.51e+01 1.51e+01 1.51e+01 1.51e+01 1.51e+01 1.51e+01 1.51e+01 1.51e+01
1.51e+01 1.51e+01 1.51e+01 1.51e+01 1.51e+01 1.51e+01 1.51e+01 1.51e+01 1.51e+01 1.51e+01
1.51e+01 1.51e+01 1.51e+01 1.51e+01 1.51e+01 1.51e+01 1.51e+01 1.51e+01 1.51e+01 1.51e+01
1.51e+01 1.51e+01 1.51e+01 1.51e+01 1.51e+01 1.51e+01 1.51e+01 1.51e+01 1.51e+01 1.51e+01
1.51e+01 1.51e+01 1.51e+01 1.51e+01 1.51e+01 1.51e+01 1.51e+01 1.51e+01 7.99e-44
[ R.vdc.u2 ]
2      3       0          95
2      4       0          95
2      5       0          95
2      6       0          79
0.3327 1.02793  -0.0042426 -45.0               z, wbeg, wspac,, wangle (m)
4.953e4                                        Drift velocity (m/s)
TDC Offset Values
  1 1508.7   2 1508.7   3 1508.7   4 1508.7   5 1508.7   6 1508.7   7 1508.7   8 1508.7
  9 1508.7  10 1508.7  11 1508.7  12 1508.7  13 1508.7  14 1508.7  15 1508.7  16 1508.7
 17 1505.4  18 1505.4  19 1505.4  20 1505.4  21 1505.4  22 1505.4  23 1505.4  24 1505.4
 25 1505.4  26 1505.4  27 1505.4  28 1505.4  29 1505.4  30 1505.4  31 1505.4  32 1505.4
 33 1505.6  34 1505.6  35 1505.6  36 1505.6  37 1505.6  38 1505.6  39 1505.6  40 1505.6
 41 1505.6  42 1505.6  43 1505.6  44 1505.6  45 1505.6  46 1505.6  47 1505.6  48 1505.6
 49 1504.7  50 1504.7  51 1504.7  52 1504.7  53 1504.7  54 1504.7  55 1504.7  56 1504.7
 57 1504.7  58 1504.7  59 1504.7  60 1504.7  61 1504.7  62 1504.7  63 1504.7  64 1504.7
 65 1504.6  66 1504.6  67 1504.6  68 1504.6  69 1504.6  70 1504.6  71 1504.6  72 1504.6
 73 1504.6  74 1504.6  75 1504.6  76 1504.6  77 1504.6  78 1504.6  79 1504.6  80 1504.6
 81 1505.0  82 1505.0  83 1505.0  84 1505.0  85 1505.0  86 1505.0  87 1505.0  88 1505.0
 89 1505.0  90 1505.0  91 1505.0  92 1505.0  93 1505.0  94 1505.0  95 1505.0  96 1505.0
 97 1512.6  98 1512.6  99 1512.6 100 1512.6 101 1512.6 102 1512.6 103 1512.6 104 1512.6
105 1512.6 106 1512.6 107 1512.6 108 1512.6 109 1512.6 110 1512.6 111 1512.6 112 1512.6
113 1510.1 114 1510.1 115 1510.1 116 1510.1 117 1510.1 118 1510.1 119 1510.1 120 1510.1
121 1510.1 122 1510.1 123 1510.1 124 1510.1 125 1510.1 126 1510.1 127 1510.1 128 1510.1
129 1509.7 130 1509.7 131 1509.7 132 1509.7 133 1509.7 134 1509.7 135 1509.7 136 1509.7
137 1509.7 138 1509.7 139 1509.7 140 1509.7 141 1509.7 142 1509.7 143 1509.7 144 1509.7
145 1510.2 146 1510.2 147 1510.2 148 1510.2 149 1510.2 150 1510.2 151 1510.2 152 1510.2
153 1510.2 154 1510.2 155 1510.2 156 1510.2 157 1510.2 158 1510.2 159 1510.2 160 1510.2
161 1509.2 162 1509.2 163 1509.2 164 1509.2 165 1509.2 166 1509.2 167 1509.2 168 1509.2
169 1509.2 170 1509.2 171 1509.2 172 1509.2 173 1509.2 174 1509.2 175 1509.2 176 1509.2
177 1508.9 178 1508.9 179 1508.9 180 1508.9 181 1508.9 182 1508.9 183 1508.9 184 1508.9
185 1508.9 186 1508.9 187 1508.9 188 1508.9 189 1508.9 190 1508.9 191 1508.9 192 1508.9
193 1509.2 194 1509.2 195 1509.2 196 1509.2 197 1509.2 198 1509.2 199 1509.2 200 1509.2
201 1509.2 202 1509.2 203 1509.2 204 1509.2 205 1509.2 206 1509.2 207 1509.2 208 1509.2
209 1508.6 210 1508.6 211 1508.6 212 1508.6 213 1508.6 214 1508.6 215 1508.6 216 1508.6
217 1508.6 218 1508.6 219 1508.6 220 1508.6 221 1508.6 222 1508.6 223 1508.6 224 1508.6
225 1512.0 226 1512.0 227 1512.0 228 1512.0 229 1512.0 230 1512.0 231 1512.0 232 1512.0
233 1512.0 234 1512.0 235 1512.0 236 1512.0 237 1512.0 238 1512.0 239 1512.0 240 1512.0
241 1509.2 242 1509.2 243 1509.2 244 1509.2 245 1509.2 246 1509.2 247 1509.2 248 1509.2
249 1509.2 250 1509.2 251 1509.2 252 1509.2 253 1509.2 254 1509.2 255 1509.2 256 1509.2
257 1511.0 258 1511.0 259 1511.0 260 1511.0 261 1511.0 262 1511.0 263 1511.0 264 1511.0
265 1511.0 266 1511.0 267 1511.0 268 1511.0 269 1511.0 270 1511.0 271 1511.0 272 1511.0
273 1510.1 274 1510.1 275 1510.1 276 1510.1 277 1510.1 278 1510.1 279 1510.1 280 1510.1
281 1510.1 282 1510.1 283 1510.1 284 1510.1 285 1510.1 286 1510.1 287 1510.1 288 1510.1
289 1513.0 290 1513.0 291 1513.0 292 1513.0 293 1513.0 294 1513.0 295 1513.0 296 1513.0
297 1513.0 298 1513.0 299 1513.0 300 1513.0 301 1513.0 302 1513.0 303 1513.0 304 1513.0
305 1513.3 306 1513.3 307 1513.3 308 1513.3 309 1513.3 310 1513.3 311 1513.3 312 1513.3
313 1513.3 314 1513.3 315 1513.3 316 1513.3 317 1513.3 318 1513.3 319 1513.3 320 1513.3
321 1514.1 322 1514.1 323 1514.1 324 1514.1 325 1514.1 326 1514.1 327 1514.1 328 1514.1
329 1514.1 330 1514.1 331 1514.1 332 1514.1 333 1514.1 334 1514.1 335 1514.1 336 1514.1
337 1512.2 338 1512.2 339 1512.2 340 1512.2 341 1512.2 342 1512.2 343 1512.2 344 1512.2
345 1512.2 346 1512.2 347 1512.2 348 1512.2 349 1512.2 350 1512.2 351 1512.2 352 1512.2
353 1513.6 354 1513.6 355 1513.6 356 1513.6 357 1513.6 358 1513.6 359 1513.6 360 1513.6
361 1513.6 362 1513.6 363 1513.6 364 1513.6 365 1513.6 366 1513.6 367 1513.6 368 1513.6


TTD Lookup Table
2.800e-08
642
0.00e+00 0.00e+00 0.00e+00 0.00e+00 0.00e+00 0.00e+00 0.00e+00 0.00e+00 0.00e+00 0.00e+00
0.00e+00 0.00e+00 0.00e+00 0.00e+00 0.00e+00 0.00e+00 0.00e+00 0.00e+00 0.00e+00 0.00e+00
0.00e+00 0.00e+00 0.00e+00 0.00e+00 0.00e+00 0.00e+00 0.00e+00 0.00e+00 0.00e+00 0.00e+00
0.00e+00 0.00e+00 0.00e+00 0.00e+00 0.00e+00 0.00e+00 0.00e+00 0.00e+00 0.00e+00 0.00e+00
0.00e+00 0.00e+00 0.00e+00 0.00e+00 0.00e+00 0.00e+00 0.00e+00 0.00e+00 0.00e+00 0.00e+00
0.00e+00 0.00e+00 0.00e+00 0.00e+00 0.00e+00 2.10e-03 4.91e-03 8.89e-03 1.45e-02 2.13e-02
3.02e-02 4.15e-02 5.54e-02 7.13e-02 8.95e-02 1.11e-01 1.35e-01 1.60e-01 1.92e-01 2.23e-01
2.55e-01 2.88e-01 3.23e-01 3.60e-01 3.98e-01 4.36e-01 4.74e-01 5.15e-01 5.55e-01 5.96e-01
6.37e-01 6.81e-01 7.23e-01 7.66e-01 8.09e-01 8.54e-01 8.98e-01 9.43e-01 9.87e-01 1.03e+00
1.08e+00 1.12e+00 1.17e+00 1.22e+00 1.26e+00 1.31e+00 1.35e+00 1.40e+00 1.45e+00 1.50e+00
1.54e+00 1.59e+00 1.64e+00 1.68e+00 1.73e+00 1.78e+00 1.83e+00 1.87e+00 1.92e+00 1.97e+00
2.01e+00 2.06e+00 2.11e+00 2.16e+00 2.20e+00 2.25e+00 2.29e+00 2.34e+00 2.39e+00 2.43e+00
2.47e+00 2.52e+00 2.56e+00 2.61e+00 2.65e+00 2.69e+00 2.73e+00 2.77e+00 2.81e+00 2.85e+00
2.89e+00 2.93e+00 2.96e+00 3.00e+00 3.03e+00 3.07e+00 3.10e+00 3.13e+00 3.16e+00 3.19e+00
3.22e+00 3.25e+00 3.28e+00 3.31e+00 3.33e+00 3.36e+00 3.39e+00 3.42e+00 3.45e+00 3.48e+00
3.51e+00 3.54e+00 3.57e+00 3.60e+00 3.62e+00 3.65e+00 3.68e+00 3.71e+00 3.74e+00 3.77e+00
3.79e+00 3.82e+00 3.85e+00 3.88e+00 3.91e+00 3.94e+00 3.96e+00 3.99e+00 4.02e+00 4.05e+00
4.07e+00 4.10e+00 4.12e+00 4.15e+00 4.18e+00 4.21e+00 4.23e+00 4.26e+00 4.29e+00 4.31e+00
4.34e+00 4.36e+00 4.39e+00 4.42e+00 4.44e+00 4.47e+00 4.49e+00 4.52e+00 4.55e+00 4.57e+00
4.60e+00 4.62e+00 4.65e+00 4.67e+00 4.70e+00 4.72e+00 4.75e+00 4.78e+00 4.80e+00 4.83e+00
4.85e+00 4.88e+00 4.90e+00 4.93e+00 4.95e+00 4.98e+00 5.00e+00 5.03e+00 5.05e+00 5.08e+00
5.10e+00 5.13e+00 5.15e+00 5.18e+00 5.20e+00 5.23e+00 5.25e+00 5.28e+00 5.30e+00 5.33e+00
5.35e+00 5.38e+00 5.40e+00 5.43e+00 5.45e+00 5.48e+00 5.50e+00 5.52e+00 5.55e+00 5.57e+00
5.60e+00 5.62e+00 5.65e+00 5.67e+00 5.69e+00 5.72e+00 5.74e+00 5.77e+00 5.79e+00 5.82e+00
5.84e+00 5.86e+00 5.89e+00 5.91e+00 5.94e+00 5.96e+00 5.99e+00 6.01e+00 6.03e+00 6.06e+00
6.08e+00 6.11e+00 6.13e+00 6.16e+00 6.18e+00 6.21e+00 6.23e+00 6.26e+00 6.28e+00 6.30e+00
6.33e+00 6.35e+00 6.38e+00 6.40e+00 6.43e+00 6.45e+00 6.48e+00 6.50e+00 6.53e+00 6.55e+00
6.58e+00 6.60e+00 6.62e+00 6.65e+00 6.68e+00 6.70e+00 6.72e+00 6.75e+00 6.78e+00 6.80e+00
6.82e+00 6.85e+00 6.87e+00 6.90e+00 6.92e+00 6.95e+00 6.97e+00 7.00e+00 7.02e+00 7.05e+00
7.07e+00 7.10e+00 7.12e+00 7.15e+00 7.17e+00 7.20e+00 7.22e+00 7.25e+00 7.27e+00 7.30e+00
7.32e+00 7.35e+00 7.37e+00 7.40e+00 7.42e+00 7.45e+00 7.47e+00 7.50e+00 7.52e+00 7.55e+00
7.57e+00 7.60e+00 7.62e+00 7.64e+00 7.67e+00 7.69e+00 7.72e+00 7.74e+00 7.77e+00 7.79e+00
7.82e+00 7.84e+00 7.87e+00 7.89e+00 7.92e+00 7.94e+00 7.97e+00 7.99e+00 8.01e+00 8.04e+00
8.06e+00 8.09e+00 8.11e+00 8.14e+00 8.16e+00 8.19e+00 8.21e+00 8.23e+00 8.26e+00 8.28e+00
8.31e+00 8.33e+00 8.36e+00 8.38e+00 8.40e+00 8.43e+00 8.45e+00 8.48e+00 8.51e+00 8.53e+00
8.56e+00 8.58e+00 8.60e+00 8.63e+00 8.65e+00 8.68e+00 8.70e+00 8.73e+00 8.75e+00 8.77e+00
8.80e+00 8.82e+00 8.85e+00 8.87e+00 8.90e+00 8.92e+00 8.94e+00 8.97e+00 8.99e+00 9.02e+00
9.04e+00 9.07e+00 9.09e+00 9.11e+00 9.14e+00 9.16e+00 9.19e+00 9.21e+00 9.24e+00 9.26e+00
9.28e+00 9.31e+00 9.33e+00 9.36e+00 9.38e+00 9.41e+00 9.43e+00 9.45e+00 9.48e+00 9.50e+00
9.53e+00 9.55e+00 9.57e+00 9.60e+00 9.62e+00 9.65e+00 9.67e+00 9.70e+00 9.72e+00 9.75e+00
9.77e+00 9.79e+00 9.82e+00 9.84e+00 9.87e+00 9.89e+00 9.91e+00 9.94e+00 9.96e+00 9.99e+00
1.00e+01 1.00e+01 1.01e+01 1.01e+01 1.01e+01 1.01e+01 1.02e+01 1.02e+01 1.02e+01 1.02e+01
1.03e+01 1.03e+01 1.03e+01 1.03e+01 1.04e+01 1.04e+01 1.04e+01 1.04e+01 1.05e+01 1.05e+01
1.05e+01 1.05e+01 1.05e+01 1.06e+01 1.06e+01 1.06e+01 1.06e+01 1.07e+01 1.07e+01 1.07e+01
1.07e+01 1.08e+01 1.08e+01 1.08e+01 1.08e+01 1.09e+01 1.09e+01 1.09e+01 1.09e+01 1.10e+01
1.10e+01 1.10e+01 1.10e+01 1.11e+01 1.11e+01 1.11e+01 1.11e+01 1.11e+01 1.12e+01 1.12e+01
1.12e+01 1.12e+01 1.13e+01 1.13e+01 1.13e+01 1.13e+01 1.14e+01 1.14e+01 1.14e+01 1.14e+01
1.15e+01 1.15e+01 1.15e+01 1.15e+01 1.16e+01 1.16e+01 1.16e+01 1.16e+01 1.17e+01 1.17e+01
1.17e+01 1.17e+01 1.17e+01 1.18e+01 1.18e+01 1.18e+01 1.18e+01 1.19e+01 1.19e+01 1.19e+01
1.19e+01 1.20e+01 1.20e+01 1.20e+01 1.20e+01 1.21e+01 1.21e+01 1.21e+01 1.21e+01 1.22e+01
1.22e+01 1.22e+01 1.22e+01 1.23e+01 1.23e+01 1.23e+01 1.23e+01 1.24e+01 1.24e+01 1.24e+01
1.24e+01 1.24e+01 1.25e+01 1.25e+01 1.25e+01 1.25e+01 1.26e+01 1.26e+01 1.26e+01 1.26e+01
1.27e+01 1.27e+01 1.27e+01 1.27e+01 1.28e+01 1.28e+01 1.28e+01 1.28e+01 1.29e+01 1.29e+01
1.29e+01 1.29e+01 1.29e+01 1.30e+01 1.30e+01 1.30e+01 1.30e+01 1.31e+01 1.31e+01 1.31e+01
1.31e+01 1.32e+01 1.32e+01 1.32e+01 1.32e+01 1.33e+01 1.33e+01 1.33e+01 1.33e+01 1.34e+01
1.34e+01 1.34e+01 1.34e+01 1.34e+01 1.35e+01 1.35e+01 1.35e+01 1.35e+01 1.36e+01 1.36e+01
1.36e+01 1.36e+01 1.37e+01 1.37e+01 1.37e+01 1.37e+01 1.38e+01 1.38e+01 1.38e+01 1.38e+01
1.39e+01 1.39e+01 1.39e+01 1.39e+01 1.39e+01 1.40e+01 1.40e+01 1.40e+01 1.40e+01 1.41e+01
1.41e+01 1.41e+01 1.41e+01 1.42e+01 1.42e+01 1.42e+01 1.42e+01 1.43e+01 1.43e+01 1.43e+01
1.43e+01 1.43e+01 1.44e+01 1.44e+01 1.44e+01 1.44e+01 1.45e+01 1.45e+01 1.45e+01 1.45e+01
1.45e+01 1.46e+01 1.46e+01 1.46e+01 1.46e+01 1.46e+01 1.47e+01 1.47e+01 1.47e+01 1.47e+01
1.47e+01 1.47e+01 1.48e+01 1.48e+01 1.48e+01 1.48e+01 1.48e+01 1.48e+01 1.48e+01 1.49e+01
1.49e+01 1.49e+01 1.49e+01 1.49e+01 1.49e+01 1.49e+01 1.49e+01 1.50e+01 1.50e+01 1.50e+01
1.50e+01 1.50e+01 1.50e+01 1.50e+01 1.50e+01 1.50e+01 1.50e+01 1.50e+01 1.50e+01 1.50e+01
1.50e+01 1.51e+01 1.51e+01 1.51e+01 1.51e+01 1.51e+01 1.51e+01 1.51e+01 1.51e+01 1.51e+01
1.51e+01 1.51e+01 1.51e+01 1.51e+01 1.51e+01 1.51e+01 1.51e+01 1.51e+01 1.51e+01 1.51e+01
1.51e+01 1.51e+01 1.51e+01 1.51e+01 1.51e+01 1.51e+01 1.51e+01 1.51e+01 1.51e+01 1.51e+01
1.51e+01 1.51e+01 1.51e+01 1.51e+01 1.51e+01 1.51e+01 1.51e+01 1.51e+01 1.51e+01 1.51e+01
1.51e+01 1.51e+01 1.51e+01 1.51e+01 1.51e+01 1.51e+01 1.51e+01 1.51e+01 1.51e+01 1.51e+01
1.51e+01 1.51e+01 1.51e+01 1.51e+01 1.51e+01 1.51e+01 1.51e+01 1.51e+01 1.51e+01 1.51e+01
1.51e+01 1.51e+01 1.51e+01 1.51e+01 1.51e+01 1.51e+01 1.51e+01 1.51e+01 1.51e+01 1.51e+01
1.51e+01 1.51e+01 1.51e+01 1.51e+01 1.51e+01 1.51e+01 1.51e+01 1.51e+01 1.51e+01 1.51e+01
1.51e+01 1.51e+01 1.51e+01 1.51e+01 1.51e+01 1.51e+01 1.51e+01 1.51e+01 1.51e+01 1.51e+01
1.51e+01 1.51e+01 1.51e+01 1.51e+01 1.51e+01 1.51e+01 1.51e+01 1.51e+01 1.51e+01 1.51e+01
1.51e+01 1.51e+01 1.51e+01 1.51e+01 1.51e+01 1.51e+01 1.51e+01 1.51e+01 1.51e+01 1.51e+01
1.51e+01 1.51e+01 1.51e+01 1.51e+01 1.51e+01 1.51e+01 1.51e+01 1.51e+01 1.51e+01 1.51e+01
1.51e+01 1.51e+01 1.51e+01 1.51e+01 1.51e+01 1.51e+01 1.51e+01 1.51e+01 1.51e+01 1.51e+01
1.51e+01 1.51e+01 1.51e+01 1.51e+01 1.51e+01 1.51e+01 1.51e+01 1.51e+01 1.51e+01 1.51e+01
1.51e+01 1.51e+01 1.51e+01 1.51e+01 1.51e+01 1.51e+01 1.51e+01 1.51e+01 1.51e+01 1.51e+01
1.51e+01 1.51e+01 1.51e+01 1.51e+01 1.51e+01 1.51e+01 1.51e+01 1.51e+01 7.99e-44
[ R.vdc.v2 ]
6      24       0         95
6      23       0         95
6      22       0         95
6      21       0         79
0.3587 1.02793 -0.0042426 45.0                 z, wbeg, wspac, wangle (m)   
4.948e4                                        Drift velocity (m/s)
TDC Offset Values
  1 1519.6   2 1519.6   3 1519.6   4 1519.6   5 1519.6   6 1519.6   7 1519.6   8 1519.6
  9 1519.6  10 1519.6  11 1519.6  12 1519.6  13 1519.6  14 1519.6  15 1519.6  16 1519.6
 17 1517.7  18 1517.7  19 1517.7  20 1517.7  21 1517.7  22 1517.7  23 1517.7  24 1517.7
 25 1517.7  26 1517.7  27 1517.7  28 1517.7  29 1517.7  30 1517.7  31 1517.7  32 1517.7
 33 1518.5  34 1518.5  35 1518.5  36 1518.5  37 1518.5  38 1518.5  39 1518.5  40 1518.5
 41 1518.5  42 1518.5  43 1518.5  44 1518.5  45 1518.5  46 1518.5  47 1518.5  48 1518.5
 49 1517.8  50 1517.8  51 1517.8  52 1517.8  53 1517.8  54 1517.8  55 1517.8  56 1517.8
 57 1517.8  58 1517.8  59 1517.8  60 1517.8  61 1517.8  62 1517.8  63 1517.8  64 1517.8
 65 1519.2  66 1519.2  67 1519.2  68 1519.2  69 1519.2  70 1519.2  71 1519.2  72 1519.2
 73 1519.2  74 1519.2  75 1519.2  76 1519.2  77 1519.2  78 1519.2  79 1519.2  80 1519.2
 81 1518.5  82 1518.5  83 1518.5  84 1518.5  85 1518.5  86 1518.5  87 1518.5  88 1518.5
 89 1518.5  90 1518.5  91 1518.5  92 1518.5  93 1518.5  94 1518.5  95 1518.5  96 1518.5
 97 1523.0  98 1523.0  99 1523.0 100 1523.0 101 1523.0 102 1523.0 103 1523.0 104 1523.0
105 1523.0 106 1523.0 107 1523.0 108 1523.0 109 1523.0 110 1523.0 111 1523.0 112 1523.0
113 1517.6 114 1517.6 115 1517.6 116 1517.6 117 1517.6 118 1517.6 119 1517.6 120 1517.6
121 1517.6 122 1517.6 123 1517.6 124 1517.6 125 1517.6 126 1517.6 127 1517.6 128 1517.6
129 1517.8 130 1517.8 131 1517.8 132 1517.8 133 1517.8 134 1517.8 135 1517.8 136 1517.8
137 1517.8 138 1517.8 139 1517.8 140 1517.8 141 1517.8 142 1517.8 143 1517.8 144 1517.8
145 1519.4 146 1519.4 147 1519.4 148 1519.4 149 1519.4 150 1519.4 151 1519.4 152 1519.4
153 1519.4 154 1519.4 155 1519.4 156 1519.4 157 1519.4 158 1519.4 159 1519.4 160 1519.4
161 1518.0 162 1518.0 163 1518.0 164 1518.0 165 1518.0 166 1518.0 167 1518.0 168 1518.0
169 1518.0 170 1518.0 171 1518.0 172 1518.0 173 1518.0 174 1518.0 175 1518.0 176 1518.0
177 1516.3 178 1516.3 179 1516.3 180 1516.3 181 1516.3 182 1516.3 183 1516.3 184 1516.3
185 1516.3 186 1516.3 187 1516.3 188 1516.3 189 1516.3 190 1516.3 191 1516.3 192 1516.3
193 1520.0 194 1520.0 195 1520.0 196 1520.0 197 1520.0 198 1520.0 199 1520.0 200 1520.0
201 1520.0 202 1520.0 203 1520.0 204 1520.0 205 1520.0 206 1520.0 207 1520.0 208 1520.0
209 1519.1 210 1519.1 211 1519.1 212 1519.1 213 1519.1 214 1519.1 215 1519.1 216 1519.1
217 1519.1 218 1519.1 219 1519.1 220 1519.1 221 1519.1 222 1519.1 223 1519.1 224 1519.1
225 1522.7 226 1522.7 227 1522.7 228 1522.7 229 1522.7 230 1522.7 231 1522.7 232 1522.7
233 1522.7 234 1522.7 235 1522.7 236 1522.7 237 1522.7 238 1522.7 239 1522.7 240 1522.7
241 1518.4 242 1518.4 243 1518.4 244 1518.4 245 1518.4 246 1518.4 247 1518.4 248 1518.4
249 1518.4 250 1518.4 251 1518.4 252 1518.4 253 1518.4 254 1518.4 255 1518.4 256 1518.4
257 1518.3 258 1518.3 259 1518.3 260 1518.3 261 1518.3 262 1518.3 263 1518.3 264 1518.3
265 1518.3 266 1518.3 267 1518.3 268 1518.3 269 1518.3 270 1518.3 271 1518.3 272 1518.3
273 1517.5 274 1517.5 275 1517.5 276 1517.5 277 1517.5 278 1517.5 279 1517.5 280 1517.5
281 1517.5 282 1517.5 283 1517.5 284 1517.5 285 1517.5 286 1517.5 287 1517.5 288 1517.5
289 1523.1 290 1523.1 291 1523.1 292 1523.1 293 1523.1 294 1523.1 295 1523.1 296 1523.1
297 1523.1 298 1523.1 299 1523.1 300 1523.1 301 1523.1 302 1523.1 303 1523.1 304 1523.1
305 1521.8 306 1521.8 307 1521.8 308 1521.8 309 1521.8 310 1521.8 311 1521.8 312 1521.8
313 1521.8 314 1521.8 315 1521.8 316 1521.8 317 1521.8 318 1521.8 319 1521.8 320 1521.8
321 1519.3 322 1519.3 323 1519.3 324 1519.3 325 1519.3 326 1519.3 327 1519.3 328 1519.3
329 1519.3 330 1519.3 331 1519.3 332 1519.3 333 1519.3 334 1519.3 335 1519.3 336 1519.3
337 1521.4 338 1521.4 339 1521.4 340 1521.4 341 1521.4 342 1521.4 343 1521.4 344 1521.4
345 1521.4 346 1521.4 347 1521.4 348 1521.4 349 1521.4 350 1521.4 351 1521.4 352 1521.4
353 1520.3 354 1520.3 355 1520.3 356 1520.3 357 1520.3 358 1520.3 359 1520.3 360 1520.3
361 1520.3 362 1520.3 363 1520.3 364 1520.3 365 1520.3 366 1520.3 367 1520.3 368 1520.3


TTD Lookup Table
2.700e-08
644
0.00e+00 0.00e+00 0.00e+00 0.00e+00 0.00e+00 0.00e+00 0.00e+00 0.00e+00 0.00e+00 0.00e+00
0.00e+00 0.00e+00 0.00e+00 0.00e+00 0.00e+00 0.00e+00 0.00e+00 0.00e+00 0.00e+00 0.00e+00
0.00e+00 0.00e+00 0.00e+00 0.00e+00 0.00e+00 0.00e+00 0.00e+00 0.00e+00 0.00e+00 0.00e+00
0.00e+00 0.00e+00 0.00e+00 0.00e+00 0.00e+00 0.00e+00 0.00e+00 0.00e+00 0.00e+00 0.00e+00
0.00e+00 0.00e+00 0.00e+00 0.00e+00 0.00e+00 0.00e+00 0.00e+00 0.00e+00 0.00e+00 0.00e+00
0.00e+00 0.00e+00 0.00e+00 1.92e-03 4.63e-03 8.17e-03 1.25e-02 1.86e-02 2.61e-02 3.54e-02
4.60e-02 5.91e-02 7.44e-02 9.16e-02 1.11e-01 1.34e-01 1.58e-01 1.84e-01 2.14e-01 2.45e-01
2.77e-01 3.11e-01 3.45e-01 3.83e-01 4.20e-01 4.58e-01 4.95e-01 5.36e-01 5.77e-01 6.17e-01
6.58e-01 7.01e-01 7.43e-01 7.85e-01 8.26e-01 8.71e-01 9.14e-01 9.58e-01 1.00e+00 1.05e+00
1.09e+00 1.14e+00 1.18e+00 1.23e+00 1.27e+00 1.32e+00 1.36e+00 1.41e+00 1.46e+00 1.50e+00
1.55e+00 1.59e+00 1.64e+00 1.69e+00 1.73e+00 1.78e+00 1.83e+00 1.87e+00 1.92e+00 1.97e+00
2.01e+00 2.06e+00 2.10e+00 2.15e+00 2.19e+00 2.24e+00 2.28e+00 2.33e+00 2.38e+00 2.42e+00
2.46e+00 2.51e+00 2.55e+00 2.59e+00 2.64e+00 2.68e+00 2.72e+00 2.76e+00 2.80e+00 2.84e+00
2.87e+00 2.91e+00 2.95e+00 2.98e+00 3.01e+00 3.05e+00 3.08e+00 3.11e+00 3.14e+00 3.17e+00
3.20e+00 3.23e+00 3.26e+00 3.29e+00 3.31e+00 3.34e+00 3.37e+00 3.40e+00 3.43e+00 3.45e+00
3.48e+00 3.51e+00 3.54e+00 3.57e+00 3.60e+00 3.62e+00 3.65e+00 3.68e+00 3.71e+00 3.74e+00
3.76e+00 3.79e+00 3.82e+00 3.85e+00 3.87e+00 3.90e+00 3.93e+00 3.96e+00 3.98e+00 4.01e+00
4.04e+00 4.06e+00 4.09e+00 4.11e+00 4.14e+00 4.17e+00 4.19e+00 4.22e+00 4.25e+00 4.27e+00
4.30e+00 4.32e+00 4.35e+00 4.38e+00 4.40e+00 4.43e+00 4.45e+00 4.48e+00 4.50e+00 4.53e+00
4.55e+00 4.58e+00 4.60e+00 4.63e+00 4.65e+00 4.68e+00 4.70e+00 4.73e+00 4.75e+00 4.78e+00
4.80e+00 4.83e+00 4.85e+00 4.88e+00 4.90e+00 4.93e+00 4.95e+00 4.98e+00 5.00e+00 5.03e+00
5.05e+00 5.08e+00 5.10e+00 5.13e+00 5.15e+00 5.18e+00 5.20e+00 5.23e+00 5.25e+00 5.27e+00
5.30e+00 5.32e+00 5.35e+00 5.37e+00 5.39e+00 5.42e+00 5.44e+00 5.47e+00 5.49e+00 5.51e+00
5.54e+00 5.56e+00 5.59e+00 5.61e+00 5.63e+00 5.66e+00 5.68e+00 5.71e+00 5.73e+00 5.75e+00
5.77e+00 5.80e+00 5.82e+00 5.85e+00 5.87e+00 5.89e+00 5.92e+00 5.94e+00 5.96e+00 5.99e+00
6.01e+00 6.04e+00 6.06e+00 6.09e+00 6.11e+00 6.13e+00 6.16e+00 6.18e+00 6.21e+00 6.23e+00
6.25e+00 6.28e+00 6.30e+00 6.33e+00 6.35e+00 6.38e+00 6.40e+00 6.42e+00 6.45e+00 6.47e+00
6.50e+00 6.52e+00 6.54e+00 6.57e+00 6.59e+00 6.62e+00 6.64e+00 6.67e+00 6.69e+00 6.72e+00
6.74e+00 6.77e+00 6.79e+00 6.81e+00 6.84e+00 6.86e+00 6.89e+00 6.91e+00 6.93e+00 6.96e+00
6.98e+00 7.01e+00 7.03e+00 7.06e+00 7.08e+00 7.10e+00 7.13e+00 7.15e+00 7.18e+00 7.20e+00
7.23e+00 7.25e+00 7.28e+00 7.30e+00 7.32e+00 7.35e+00 7.37e+00 7.40e+00 7.42e+00 7.45e+00
7.47e+00 7.49e+00 7.52e+00 7.54e+00 7.57e+00 7.59e+00 7.62e+00 7.64e+00 7.66e+00 7.69e+00
7.71e+00 7.74e+00 7.76e+00 7.79e+00 7.81e+00 7.83e+00 7.86e+00 7.88e+00 7.91e+00 7.93e+00
7.95e+00 7.98e+00 8.00e+00 8.03e+00 8.05e+00 8.08e+00 8.10e+00 8.12e+00 8.15e+00 8.17e+00
8.19e+00 8.22e+00 8.24e+00 8.27e+00 8.29e+00 8.32e+00 8.34e+00 8.36e+00 8.39e+00 8.41e+00
8.43e+00 8.46e+00 8.48e+00 8.51e+00 8.53e+00 8.55e+00 8.58e+00 8.60e+00 8.62e+00 8.65e+00
8.67e+00 8.70e+00 8.72e+00 8.74e+00 8.77e+00 8.79e+00 8.82e+00 8.84e+00 8.86e+00 8.89e+00
8.91e+00 8.93e+00 8.96e+00 8.98e+00 9.01e+00 9.03e+00 9.05e+00 9.08e+00 9.10e+00 9.12e+00
9.15e+00 9.17e+00 9.20e+00 9.22e+00 9.24e+00 9.27e+00 9.29e+00 9.32e+00 9.34e+00 9.36e+00
9.39e+00 9.41e+00 9.43e+00 9.46e+00 9.48e+00 9.51e+00 9.53e+00 9.55e+00 9.58e+00 9.60e+00
9.62e+00 9.65e+00 9.67e+00 9.70e+00 9.72e+00 9.74e+00 9.77e+00 9.79e+00 9.81e+00 9.84e+00
9.86e+00 9.89e+00 9.91e+00 9.93e+00 9.96e+00 9.98e+00 1.00e+01 1.00e+01 1.01e+01 1.01e+01
1.01e+01 1.01e+01 1.01e+01 1.02e+01 1.02e+01 1.02e+01 1.02e+01 1.03e+01 1.03e+01 1.03e+01
1.03e+01 1.04e+01 1.04e+01 1.04e+01 1.04e+01 1.05e+01 1.05e+01 1.05e+01 1.05e+01 1.06e+01
1.06e+01 1.06e+01 1.06e+01 1.06e+01 1.07e+01 1.07e+01 1.07e+01 1.07e+01 1.08e+01 1.08e+01
1.08e+01 1.08e+01 1.09e+01 1.09e+01 1.09e+01 1.09e+01 1.10e+01 1.10e+01 1.10e+01 1.10e+01
1.10e+01 1.11e+01 1.11e+01 1.11e+01 1.11e+01 1.12e+01 1.12e+01 1.12e+01 1.12e+01 1.13e+01
1.13e+01 1.13e+01 1.13e+01 1.14e+01 1.14e+01 1.14e+01 1.14e+01 1.14e+01 1.15e+01 1.15e+01
1.15e+01 1.15e+01 1.16e+01 1.16e+01 1.16e+01 1.16e+01 1.17e+01 1.17e+01 1.17e+01 1.17e+01
1.18e+01 1.18e+01 1.18e+01 1.18e+01 1.19e+01 1.19e+01 1.19e+01 1.19e+01 1.19e+01 1.20e+01
1.20e+01 1.20e+01 1.20e+01 1.21e+01 1.21e+01 1.21e+01 1.21e+01 1.22e+01 1.22e+01 1.22e+01
1.22e+01 1.22e+01 1.23e+01 1.23e+01 1.23e+01 1.23e+01 1.24e+01 1.24e+01 1.24e+01 1.24e+01
1.25e+01 1.25e+01 1.25e+01 1.25e+01 1.26e+01 1.26e+01 1.26e+01 1.26e+01 1.26e+01 1.27e+01
1.27e+01 1.27e+01 1.27e+01 1.28e+01 1.28e+01 1.28e+01 1.28e+01 1.29e+01 1.29e+01 1.29e+01
1.29e+01 1.30e+01 1.30e+01 1.30e+01 1.30e+01 1.30e+01 1.31e+01 1.31e+01 1.31e+01 1.31e+01
1.32e+01 1.32e+01 1.32e+01 1.32e+01 1.33e+01 1.33e+01 1.33e+01 1.33e+01 1.34e+01 1.34e+01
1.34e+01 1.34e+01 1.34e+01 1.35e+01 1.35e+01 1.35e+01 1.35e+01 1.36e+01 1.36e+01 1.36e+01
1.36e+01 1.37e+01 1.37e+01 1.37e+01 1.37e+01 1.37e+01 1.38e+01 1.38e+01 1.38e+01 1.38e+01
1.39e+01 1.39e+01 1.39e+01 1.39e+01 1.40e+01 1.40e+01 1.40e+01 1.40e+01 1.41e+01 1.41e+01
1.41e+01 1.41e+01 1.41e+01 1.42e+01 1.42e+01 1.42e+01 1.42e+01 1.43e+01 1.43e+01 1.43e+01
1.43e+01 1.43e+01 1.44e+01 1.44e+01 1.44e+01 1.44e+01 1.45e+01 1.45e+01 1.45e+01 1.45e+01
1.45e+01 1.46e+01 1.46e+01 1.46e+01 1.46e+01 1.46e+01 1.46e+01 1.47e+01 1.47e+01 1.47e+01
1.47e+01 1.47e+01 1.48e+01 1.48e+01 1.48e+01 1.48e+01 1.48e+01 1.48e+01 1.48e+01 1.49e+01
1.49e+01 1.49e+01 1.49e+01 1.49e+01 1.49e+01 1.49e+01 1.49e+01 1.49e+01 1.50e+01 1.50e+01
1.50e+01 1.50e+01 1.50e+01 1.50e+01 1.51e+01 1.51e+01 1.51e+01 1.51e+01 1.51e+01 1.51e+01
1.51e+01 1.51e+01 1.51e+01 1.51e+01 1.51e+01 1.51e+01 1.51e+01 1.51e+01 1.51e+01 1.51e+01
1.51e+01 1.51e+01 1.51e+01 1.51e+01 1.51e+01 1.51e+01 1.51e+01 1.51e+01 1.51e+01 1.51e+01
1.51e+01 1.51e+01 1.51e+01 1.51e+01 1.51e+01 1.51e+01 1.51e+01 1.51e+01 1.51e+01 1.51e+01
1.51e+01 1.51e+01 1.51e+01 1.51e+01 1.51e+01 1.51e+01 1.51e+01 1.51e+01 1.51e+01 1.51e+01
1.51e+01 1.51e+01 1.51e+01 1.51e+01 1.51e+01 1.51e+01 1.51e+01 1.51e+01 1.51e+01 1.51e+01
1.51e+01 1.51e+01 1.51e+01 1.51e+01 1.51e+01 1.51e+01 1.51e+01 1.51e+01 1.51e+01 1.51e+01
1.51e+01 1.51e+01 1.51e+01 1.51e+01 1.51e+01 1.51e+01 1.51e+01 1.51e+01 1.51e+01 1.51e+01
1.51e+01 1.51e+01 1.51e+01 1.51e+01 1.51e+01 1.51e+01 1.51e+01 1.51e+01 1.51e+01 1.51e+01
1.51e+01 1.51e+01 1.51e+01 1.51e+01 1.51e+01 1.51e+01 1.51e+01 1.51e+01 1.51e+01 1.51e+01
1.51e+01 1.51e+01 1.51e+01 1.51e+01 1.51e+01 1.51e+01 1.51e+01 1.51e+01 1.51e+01 1.51e+01
1.51e+01 1.51e+01 1.51e+01 1.51e+01 1.51e+01 1.51e+01 1.51e+01 1.51e+01 1.51e+01 1.51e+01
1.51e+01 1.51e+01 1.51e+01 1.51e+01 1.51e+01 1.51e+01 1.51e+01 1.51e+01 1.51e+01 1.51e+01
1.51e+01 1.51e+01 1.51e+01 1.51e+01 1.51e+01 1.51e+01 1.51e+01 1.51e+01 1.51e+01 1.51e+01
1.51e+01 1.51e+01 1.51e+01 1.51e+01 1.51e+01 1.51e+01 1.51e+01 1.51e+01 1.51e+01 1.51e+01
1.51e+01 1.51e+01 1.51e+01 1.51e+01 1.51e+01 1.51e+01 1.51e+01 1.51e+01 7.99e-44
[ R.global ]  
0.3348 1 0.0 269.8 0.0 -1.6e-03           VDC Angle, Plane Spacing, Gamma Coefficents   
matrix elements   
t 0 0 0 -1.0046E+00 -3.3492E-01 -4.0787E-02  0.0000E+00  0.0000E+00  0.0000E+00   0.0000E+00
y 0 0 0 -5.1574E-03  2.6424E-04  2.2346E-03  0.0000E+00  0.0000E+00  0.0000E+00   0.0000E+00
p 0 0 0 -7.4355E-04 -2.1302E-03  1.1950E-03  0.0000E+00  0.0000E+00  0.0000E+00   0.0000E+00
D 0 0 0   2.406369e-03  8.439546e-02  6.459328e-03 -1.585281e-03  1.431479e-02  0.000000e+00  0.000000e+00  5
D 1 0 0  -2.895830e-02  2.293170e-01  9.718974e-02  7.281450e-02  0.000000e+00  0.000000e+00  0.000000e+00  4
D 2 0 0  -4.329847e+00  2.248529e+00 -8.480969e-01  0.000000e+00  0.000000e+00  0.000000e+00  0.000000e+00  3
D 0 0 2   9.366622e-02 -1.095027e+00  1.452078e+00  0.000000e+00  0.000000e+00  0.000000e+00  0.000000e+00  3
D 0 2 0   6.353791e-01  1.638510e-01  4.231638e-01  0.000000e+00  0.000000e+00  0.000000e+00  0.000000e+00  3
D 0 1 1  -1.686817e-01 -1.855439e-01  6.959758e-01  0.000000e+00  0.000000e+00  0.000000e+00  0.000000e+00  3
D 3 0 0  -4.265771e+01  9.028942e+01  0.000000e+00  0.000000e+00  0.000000e+00  0.000000e+00  0.000000e+00  2
D 1 2 0   1.476201e+01  4.274591e+01  0.000000e+00  0.000000e+00  0.000000e+00  0.000000e+00  0.000000e+00  2
D 1 0 2   1.065731e+01  1.728941e+01  0.000000e+00  0.000000e+00  0.000000e+00  0.000000e+00  0.000000e+00  2
D 1 1 1  -3.611347e+01  1.920100e+01  0.000000e+00  0.000000e+00  0.000000e+00  0.000000e+00  0.000000e+00  2
T 0 0 0  -9.144770e-04  1.156196e-03  8.263897e-03  6.505263e-05  0.000000e+00  0.000000e+00  0.000000e+00  4
T 1 0 0  -2.298217e+00  5.534133e-01  1.974559e-02  1.811832e-03  0.000000e+00  0.000000e+00  0.000000e+00  4
T 2 0 0  -1.501424e+00  3.958098e+00 -1.816605e+00  0.000000e+00  0.000000e+00  0.000000e+00  0.000000e+00  3
T 0 0 2   5.356065e-01 -1.448520e-01 -1.663903e-01  0.000000e+00  0.000000e+00  0.000000e+00  0.000000e+00  3
T 0 2 0   2.066263e-01 -4.296608e-01  1.328881e-01  0.000000e+00  0.000000e+00  0.000000e+00  0.000000e+00  3
T 1 2 0   4.740409e+01 -6.435667e+01  0.000000e+00  0.000000e+00  0.000000e+00  0.000000e+00  0.000000e+00  2
T 3 0 0  -3.620558e+01 -3.063776e+01  0.000000e+00  0.000000e+00  0.000000e+00  0.000000e+00  0.000000e+00  2
T 2 0 2  -8.039807e+02  0.000000e+00  0.000000e+00  0.000000e+00  0.000000e+00  0.000000e+00  0.000000e+00  1
T 4 0 0  -8.085182e+03  0.000000e+00  0.000000e+00  0.000000e+00  0.000000e+00  0.000000e+00  0.000000e+00  1
P 0 0 0   8.459447e-04 -6.801257e-04 -6.454999e-05  7.539834e-04  7.500900e-04  0.000000e+00  0.000000e+00  4
P 0 0 1  -6.346082e-01 -1.802231e-01  2.152576e-01 -1.158489e-02  0.000000e+00  0.000000e+00  0.000000e+00  4
P 1 0 0  -2.306142e-02  1.498717e-02  8.028363e-03 -1.104529e-01  0.000000e+00  0.000000e+00  0.000000e+00  4
P 0 1 0  -3.692843e-01  3.374889e-01 -5.786334e-02 -9.805063e-03  0.000000e+00  0.000000e+00  0.000000e+00  4
P 0 1 2  -9.153332e+00 -1.454449e+01  0.000000e+00  0.000000e+00  0.000000e+00  0.000000e+00  0.000000e+00  2
P 1 1 0   3.285039e+00  4.283566e-01 -4.127707e-01  0.000000e+00  0.000000e+00  0.000000e+00  0.000000e+00  3
P 1 0 1   5.147705e+00 -1.180100e+00  1.022151e+00  0.000000e+00  0.000000e+00  0.000000e+00  0.000000e+00  3
P 0 0 3   1.229455e+01 -9.340916e+00  0.000000e+00  0.000000e+00  0.000000e+00  0.000000e+00  0.000000e+00  2
P 2 0 1   3.203032e+00 -6.947904e+01  0.000000e+00  0.000000e+00  0.000000e+00  0.000000e+00  0.000000e+00  2
P 2 1 0  -3.948260e+01  3.188811e+01  0.000000e+00  0.000000e+00  0.000000e+00  0.000000e+00  0.000000e+00  2
P 0 2 1  -2.942879e+00  7.806642e+00  0.000000e+00  0.000000e+00  0.000000e+00  0.000000e+00  0.000000e+00  2
P 0 3 0  -8.483302e+00 -2.260256e+00  0.000000e+00  0.000000e+00  0.000000e+00  0.000000e+00  0.000000e+00  2
P 1 0 3  -4.218823e+01  0.000000e+00  0.000000e+00  0.000000e+00  0.000000e+00  0.000000e+00  0.000000e+00  1
P 1 3 0  -1.850833e+02  0.000000e+00  0.000000e+00  0.000000e+00  0.000000e+00  0.000000e+00  0.000000e+00  1
P 3 0 1  -3.195427e+02  0.000000e+00  0.000000e+00  0.000000e+00  0.000000e+00  0.000000e+00  0.000000e+00  1
P 3 1 0  -8.487301e+01  0.000000e+00  0.000000e+00  0.000000e+00  0.000000e+00  0.000000e+00  0.000000e+00  1
P 1 1 2  -8.398384e+01  0.000000e+00  0.000000e+00  0.000000e+00  0.000000e+00  0.000000e+00  0.000000e+00  1
P 1 2 1  -1.376643e+00  0.000000e+00  0.000000e+00  0.000000e+00  0.000000e+00  0.000000e+00  0.000000e+00  1
Y 0 0 0   2.218548e-03  1.479632e-04 -1.492268e-03 -9.895406e-04  0.000000e+00  0.000000e+00  0.000000e+00  4
Y 0 0 1   8.313391e-01 -1.089441e+00 -5.862604e-01  7.581722e-02  0.000000e+00  0.000000e+00  0.000000e+00  4
Y 0 1 0  -1.119193e+00 -7.556630e-01  1.824871e-01  7.746918e-02  0.000000e+00  0.000000e+00  0.000000e+00  4
Y 1 0 0   6.033076e-02 -3.836701e-02 -3.795539e-02  9.218679e-02  0.000000e+00  0.000000e+00  0.000000e+00  4
Y 1 0 1  -1.789587e+00 -8.302905e+00 -5.404419e+00  0.000000e+00  0.000000e+00  0.000000e+00  0.000000e+00  3
Y 1 1 0  -1.385738e+01 -1.736003e-01 -1.864309e+00  0.000000e+00  0.000000e+00  0.000000e+00  0.000000e+00  3
Y 1 1 2   2.887639e+02  0.000000e+00  0.000000e+00  0.000000e+00  0.000000e+00  0.000000e+00  0.000000e+00  1
Y 1 2 1  -2.136621e+02  0.000000e+00  0.000000e+00  0.000000e+00  0.000000e+00  0.000000e+00  0.000000e+00  1
Y 1 0 3   1.355323e+02  0.000000e+00  0.000000e+00  0.000000e+00  0.000000e+00  0.000000e+00  0.000000e+00  1
Y 1 3 0   2.561046e+02  0.000000e+00  0.000000e+00  0.000000e+00  0.000000e+00  0.000000e+00  0.000000e+00  1
Y 0 0 3   7.803872e+00  2.498266e+01  0.000000e+00  0.000000e+00  0.000000e+00  0.000000e+00  0.000000e+00  2
Y 2 1 0   1.892587e+02 -1.030216e+02  0.000000e+00  0.000000e+00  0.000000e+00  0.000000e+00  0.000000e+00  2
Y 0 3 0   1.857689e+01 -2.457322e+01  0.000000e+00  0.000000e+00  0.000000e+00  0.000000e+00  0.000000e+00  2
Y 2 0 1   3.776544e+02  9.093744e+01  0.000000e+00  0.000000e+00  0.000000e+00  0.000000e+00  0.000000e+00  2
Y 3 0 1   4.397740e+03  0.000000e+00  0.000000e+00  0.000000e+00  0.000000e+00  0.000000e+00  0.000000e+00  1
Y 3 1 0   1.248604e+03  0.000000e+00  0.000000e+00  0.000000e+00  0.000000e+00  0.000000e+00  0.000000e+00  1