########################### RIGHT SHOWER DETECTOR ##############################
Number of columns (x-stripes) and rows (y-stripes)
       5     15
Crate, Slot, First, Last ADC channels of blocks
       1     17       32     46
       1     18        0     14
       1     19        0     14
       1     16        0     14
       1     17        16    30
      -1      0        0      0
Translation table from ADC hardware channel to logical channel number (historical)
 1 2 3 4 5 6 7 8 9 10 11 12 13 14 15 16 17 18 19 20 21 22 23 24
  25 26 27 28 29 30 31 32 33 34 35 36 37 38 39 40 41 42 43 44 45 46 47 48
 49 50 51 52 53 54 55 56 57 58 59 60 61 62 63 64 65 66 67 68 69 70 71 72 73
  74 75 
x,y,z coords (in cm) of Shower front plane in spectrom cs
    -0.027    0.009   3.64                         - Meters
Half of X, half of Y, full Z sizes (in cm) of Shower
    1.1438   0.3813   0.35                         - Meters
Rotation angle of the Shower plane
     0.0                                           - Degrees
x,y position of the center of block 1
   -1.0675    -0.305                               - Meters
dx and dy block spacing
    0.1525    0.1525                               - Meters
Energy threshold for clusters to be considered
    30.0                                          - MeV
ADC pedestals
   270   298   299   275   347   355   445   369   327
   318   237   304   439   349   399   361   460   365
   321   402   410   415   384   463   368   279   385
   510   476   504   508   504   506   469   574   523
   565   607   512   561   473   508   584   615   546
   617   563   558   544   658   618   650   648   600
   581   612   521   651   595   604   378   312   263
   271   395   437   460   475   291   262   252   257
   487   365   382
Energy calibration coefficients
    1.00000    1.00000    1.00000    1.00000    1.00000
    1.00000    1.00000    1.00000    1.00000    1.00000
    1.00000    1.00000    1.00000    1.00000    1.00000
    1.00000    0.84473    0.89417    0.94637    0.87437
    1.01358    1.03013    0.96300    0.93091    0.86790
    0.97914    0.93577    0.90759    0.80843    1.00000
    1.00000    0.80192    0.88958    0.93189    1.00152
    0.83350    0.93551    0.96653    0.79516    0.97386
    0.89550    0.75329    0.89929    0.90922    1.00000
    1.00000    0.81687    0.92067    0.77995    0.90126
    0.98736    0.87854    1.00128    0.94365    0.95477
    0.95473    0.99423    0.87728    0.86819    1.00000
    1.00000    1.00000    1.00000    1.00000    1.00000
    1.00000    1.00000    1.00000    1.00000    1.00000
    1.00000    1.00000    1.00000    1.00000    1.00000
