############# RIGHT VDCS  ###################
No of Crate, Slot, First, Last chans
[ R.vdc.u1 ]
2        7       0       95
2        8       0       95
2        9       0       95
2       10       0       79
0.0  0.77852 -0.0042426 -45.0                  z, wbeg, wspac, wangle (m)
5.000e4                                        Drift velocity (m/s)
TDC Offset Values
  1 1533.3   2 1533.3   3 1533.3   4 1533.3   5 1533.3   6 1533.3   7 1533.3   8 1533.3 
  9 1533.3  10 1533.3  11 1533.3  12 1533.3  13 1533.3  14 1533.3  15 1533.3  16 1533.3 
 17 1534.1  18 1534.1  19 1534.1  20 1534.1  21 1534.1  22 1534.1  23 1534.1  24 1534.1 
 25 1534.1  26 1534.1  27 1534.1  28 1534.1  29 1534.1  30 1534.1  31 1534.1  32 1534.1 
 33 1534.7  34 1534.7  35 1534.7  36 1534.7  37 1534.7  38 1534.7  39 1534.7  40 1534.7 
 41 1534.7  42 1534.7  43 1534.7  44 1534.7  45 1534.7  46 1534.7  47 1534.7  48 1534.7 
 49 1533.9  50 1533.9  51 1533.9  52 1533.9  53 1533.9  54 1533.9  55 1533.9  56 1533.9 
 57 1533.9  58 1533.9  59 1533.9  60 1533.9  61 1533.9  62 1533.9  63 1533.9  64 1533.9 
 65 1534.2  66 1534.2  67 1534.2  68 1534.2  69 1534.2  70 1534.2  71 1534.2  72 1534.2 
 73 1534.2  74 1534.2  75 1534.2  76 1534.2  77 1534.2  78 1534.2  79 1534.2  80 1534.2 
 81 1526.4  82 1526.4  83 1526.4  84 1526.4  85 1526.4  86 1526.4  87 1526.4  88 1526.4 
 89 1526.4  90 1526.4  91 1526.4  92 1526.4  93 1526.4  94 1526.4  95 1526.4  96 1526.4 
 97 1533.8  98 1533.8  99 1533.8 100 1533.8 101 1533.8 102 1533.8 103 1533.8 104 1533.8 
105 1533.8 106 1533.8 107 1533.8 108 1533.8 109 1533.8 110 1533.8 111 1533.8 112 1533.8 
113 1527.2 114 1527.2 115 1527.2 116 1527.2 117 1527.2 118 1527.2 119 1527.2 120 1527.2 
121 1527.2 122 1527.2 123 1527.2 124 1527.2 125 1527.2 126 1527.2 127 1527.2 128 1527.2 
129 1527.2 130 1527.2 131 1527.2 132 1527.2 133 1527.2 134 1527.2 135 1527.2 136 1527.2 
137 1527.2 138 1527.2 139 1527.2 140 1527.2 141 1527.2 142 1527.2 143 1527.2 144 1527.2 
145 1526.2 146 1526.2 147 1526.2 148 1526.2 149 1526.2 150 1526.2 151 1526.2 152 1526.2 
153 1526.2 154 1526.2 155 1526.2 156 1526.2 157 1526.2 158 1526.2 159 1526.2 160 1526.2 
161 1526.0 162 1526.0 163 1526.0 164 1526.0 165 1526.0 166 1526.0 167 1526.0 168 1526.0 
169 1526.0 170 1526.0 171 1526.0 172 1526.0 173 1526.0 174 1526.0 175 1526.0 176 1526.0 
177 1525.5 178 1525.5 179 1525.5 180 1525.5 181 1525.5 182 1525.5 183 1525.5 184 1525.5 
185 1525.5 186 1525.5 187 1525.5 188 1525.5 189 1525.5 190 1525.5 191 1525.5 192 1525.5 
193 1526.4 194 1526.4 195 1526.4 196 1526.4 197 1526.4 198 1526.4 199 1526.4 200 1526.4 
201 1526.4 202 1526.4 203 1526.4 204 1526.4 205 1526.4 206 1526.4 207 1526.4 208 1526.4 
209 1525.2 210 1525.2 211 1525.2 212 1525.2 213 1525.2 214 1525.2 215 1525.2 216 1525.2 
217 1525.2 218 1525.2 219 1525.2 220 1525.2 221 1525.2 222 1525.2 223 1525.2 224 1525.2 
225 1525.2 226 1525.2 227 1525.2 228 1525.2 229 1525.2 230 1525.2 231 1525.2 232 1525.2 
233 1525.2 234 1525.2 235 1525.2 236 1525.2 237 1525.2 238 1525.2 239 1525.2 240 1525.2 
241 1517.9 242 1517.9 243 1517.9 244 1517.9 245 1517.9 246 1517.9 247 1517.9 248 1517.9 
249 1517.9 250 1517.9 251 1517.9 252 1517.9 253 1517.9 254 1517.9 255 1517.9 256 1517.9 
257 1517.8 258 1517.8 259 1517.8 260 1517.8 261 1517.8 262 1517.8 263 1517.8 264 1517.8 
265 1517.8 266 1517.8 267 1517.8 268 1517.8 269 1517.8 270 1517.8 271 1517.8 272 1517.8 
273 1517.1 274 1517.1 275 1517.1 276 1517.1 277 1517.1 278 1517.1 279 1517.1 280 1517.1 
281 1517.1 282 1517.1 283 1517.1 284 1517.1 285 1517.1 286 1517.1 287 1517.1 288 1517.1 
289 1518.4 290 1518.4 291 1518.4 292 1518.4 293 1518.4 294 1518.4 295 1518.4 296 1518.4 
297 1518.4 298 1518.4 299 1518.4 300 1518.4 301 1518.4 302 1518.4 303 1518.4 304 1518.4 
305 1517.3 306 1517.3 307 1517.3 308 1517.3 309 1517.3 310 1517.3 311 1517.3 312 1517.3 
313 1517.3 314 1517.3 315 1517.3 316 1517.3 317 1517.3 318 1517.3 319 1517.3 320 1517.3 
321 1518.3 322 1518.3 323 1518.3 324 1518.3 325 1518.3 326 1518.3 327 1518.3 328 1518.3 
329 1518.3 330 1518.3 331 1518.3 332 1518.3 333 1518.3 334 1518.3 335 1518.3 336 1518.3 
337 1519.6 338 1519.6 339 1519.6 340 1519.6 341 1519.6 342 1519.6 343 1519.6 344 1519.6 
345 1519.6 346 1519.6 347 1519.6 348 1519.6 349 1519.6 350 1519.6 351 1519.6 352 1519.6 
353 1514.8 354 1514.8 355 1514.8 356 1514.8 357 1514.8 358 1514.8 359 1514.8 360 1514.8 
361 1514.8 362 1514.8 363 1514.8 364 1514.8 365 1514.8 366 1514.8 367 1514.8 368 1514.8 


TTD Lookup Table
2.550e-08
647
0.00e+00 0.00e+00 0.00e+00 0.00e+00 0.00e+00 0.00e+00 0.00e+00 0.00e+00 0.00e+00 0.00e+00
0.00e+00 0.00e+00 0.00e+00 0.00e+00 0.00e+00 0.00e+00 0.00e+00 0.00e+00 0.00e+00 0.00e+00
0.00e+00 0.00e+00 0.00e+00 0.00e+00 0.00e+00 0.00e+00 0.00e+00 0.00e+00 0.00e+00 0.00e+00
0.00e+00 0.00e+00 0.00e+00 0.00e+00 0.00e+00 0.00e+00 0.00e+00 0.00e+00 0.00e+00 0.00e+00
0.00e+00 0.00e+00 0.00e+00 0.00e+00 0.00e+00 0.00e+00 0.00e+00 0.00e+00 0.00e+00 0.00e+00
2.79e-03 6.79e-03 1.19e-02 1.82e-02 2.59e-02 3.57e-02 4.72e-02 6.06e-02 7.67e-02 9.54e-02
1.16e-01 1.38e-01 1.63e-01 1.91e-01 2.21e-01 2.51e-01 2.85e-01 3.20e-01 3.62e-01 3.99e-01
4.39e-01 4.78e-01 5.18e-01 5.58e-01 6.02e-01 6.43e-01 6.86e-01 7.27e-01 7.71e-01 8.14e-01
8.57e-01 8.99e-01 9.45e-01 9.88e-01 1.03e+00 1.08e+00 1.12e+00 1.16e+00 1.21e+00 1.25e+00
1.30e+00 1.34e+00 1.39e+00 1.43e+00 1.48e+00 1.52e+00 1.57e+00 1.61e+00 1.66e+00 1.70e+00
1.75e+00 1.79e+00 1.83e+00 1.88e+00 1.92e+00 1.97e+00 2.01e+00 2.06e+00 2.10e+00 2.15e+00
2.19e+00 2.24e+00 2.28e+00 2.32e+00 2.37e+00 2.41e+00 2.45e+00 2.49e+00 2.54e+00 2.58e+00
2.62e+00 2.66e+00 2.70e+00 2.74e+00 2.78e+00 2.82e+00 2.86e+00 2.90e+00 2.93e+00 2.96e+00
3.00e+00 3.03e+00 3.06e+00 3.09e+00 3.13e+00 3.16e+00 3.18e+00 3.21e+00 3.25e+00 3.27e+00
3.30e+00 3.33e+00 3.36e+00 3.38e+00 3.41e+00 3.44e+00 3.47e+00 3.50e+00 3.53e+00 3.55e+00
3.58e+00 3.61e+00 3.64e+00 3.67e+00 3.70e+00 3.72e+00 3.75e+00 3.78e+00 3.81e+00 3.83e+00
3.86e+00 3.89e+00 3.92e+00 3.94e+00 3.97e+00 4.00e+00 4.02e+00 4.05e+00 4.08e+00 4.10e+00
4.13e+00 4.16e+00 4.18e+00 4.21e+00 4.24e+00 4.26e+00 4.29e+00 4.32e+00 4.34e+00 4.37e+00
4.39e+00 4.42e+00 4.44e+00 4.47e+00 4.50e+00 4.52e+00 4.55e+00 4.57e+00 4.60e+00 4.62e+00
4.65e+00 4.67e+00 4.70e+00 4.72e+00 4.75e+00 4.77e+00 4.80e+00 4.82e+00 4.85e+00 4.87e+00
4.90e+00 4.92e+00 4.95e+00 4.97e+00 5.00e+00 5.02e+00 5.05e+00 5.07e+00 5.10e+00 5.12e+00
5.14e+00 5.17e+00 5.19e+00 5.22e+00 5.24e+00 5.27e+00 5.29e+00 5.31e+00 5.34e+00 5.36e+00
5.39e+00 5.41e+00 5.44e+00 5.46e+00 5.48e+00 5.51e+00 5.53e+00 5.55e+00 5.58e+00 5.60e+00
5.63e+00 5.65e+00 5.67e+00 5.70e+00 5.72e+00 5.74e+00 5.77e+00 5.79e+00 5.81e+00 5.84e+00
5.86e+00 5.88e+00 5.91e+00 5.93e+00 5.96e+00 5.98e+00 6.00e+00 6.03e+00 6.05e+00 6.07e+00
6.10e+00 6.12e+00 6.15e+00 6.17e+00 6.19e+00 6.22e+00 6.24e+00 6.26e+00 6.29e+00 6.31e+00
6.34e+00 6.36e+00 6.39e+00 6.41e+00 6.43e+00 6.46e+00 6.48e+00 6.51e+00 6.53e+00 6.55e+00
6.58e+00 6.60e+00 6.63e+00 6.65e+00 6.68e+00 6.70e+00 6.72e+00 6.75e+00 6.77e+00 6.80e+00
6.82e+00 6.85e+00 6.87e+00 6.89e+00 6.92e+00 6.94e+00 6.97e+00 6.99e+00 7.02e+00 7.04e+00
7.06e+00 7.09e+00 7.11e+00 7.14e+00 7.16e+00 7.18e+00 7.21e+00 7.23e+00 7.26e+00 7.28e+00
7.30e+00 7.33e+00 7.35e+00 7.38e+00 7.40e+00 7.42e+00 7.45e+00 7.47e+00 7.50e+00 7.52e+00
7.55e+00 7.57e+00 7.59e+00 7.62e+00 7.64e+00 7.67e+00 7.69e+00 7.71e+00 7.74e+00 7.76e+00
7.78e+00 7.81e+00 7.83e+00 7.86e+00 7.88e+00 7.90e+00 7.93e+00 7.95e+00 7.98e+00 8.00e+00
8.02e+00 8.05e+00 8.07e+00 8.09e+00 8.12e+00 8.14e+00 8.17e+00 8.19e+00 8.21e+00 8.24e+00
8.26e+00 8.28e+00 8.31e+00 8.33e+00 8.35e+00 8.38e+00 8.40e+00 8.43e+00 8.45e+00 8.47e+00
8.50e+00 8.52e+00 8.55e+00 8.57e+00 8.59e+00 8.62e+00 8.64e+00 8.66e+00 8.69e+00 8.71e+00
8.73e+00 8.76e+00 8.78e+00 8.81e+00 8.83e+00 8.85e+00 8.88e+00 8.90e+00 8.92e+00 8.95e+00
8.97e+00 8.99e+00 9.02e+00 9.04e+00 9.06e+00 9.09e+00 9.11e+00 9.13e+00 9.16e+00 9.18e+00
9.21e+00 9.23e+00 9.25e+00 9.28e+00 9.30e+00 9.32e+00 9.35e+00 9.37e+00 9.39e+00 9.42e+00
9.44e+00 9.46e+00 9.49e+00 9.51e+00 9.54e+00 9.56e+00 9.58e+00 9.61e+00 9.63e+00 9.65e+00
9.68e+00 9.70e+00 9.72e+00 9.75e+00 9.77e+00 9.79e+00 9.82e+00 9.84e+00 9.86e+00 9.89e+00
9.91e+00 9.94e+00 9.96e+00 9.98e+00 1.00e+01 1.00e+01 1.01e+01 1.01e+01 1.01e+01 1.01e+01
1.01e+01 1.02e+01 1.02e+01 1.02e+01 1.02e+01 1.03e+01 1.03e+01 1.03e+01 1.03e+01 1.04e+01
1.04e+01 1.04e+01 1.04e+01 1.05e+01 1.05e+01 1.05e+01 1.05e+01 1.05e+01 1.06e+01 1.06e+01
1.06e+01 1.06e+01 1.07e+01 1.07e+01 1.07e+01 1.07e+01 1.08e+01 1.08e+01 1.08e+01 1.08e+01
1.08e+01 1.09e+01 1.09e+01 1.09e+01 1.09e+01 1.10e+01 1.10e+01 1.10e+01 1.10e+01 1.11e+01
1.11e+01 1.11e+01 1.11e+01 1.12e+01 1.12e+01 1.12e+01 1.12e+01 1.12e+01 1.13e+01 1.13e+01
1.13e+01 1.13e+01 1.14e+01 1.14e+01 1.14e+01 1.14e+01 1.15e+01 1.15e+01 1.15e+01 1.15e+01
1.15e+01 1.16e+01 1.16e+01 1.16e+01 1.16e+01 1.17e+01 1.17e+01 1.17e+01 1.17e+01 1.18e+01
1.18e+01 1.18e+01 1.18e+01 1.19e+01 1.19e+01 1.19e+01 1.19e+01 1.19e+01 1.20e+01 1.20e+01
1.20e+01 1.20e+01 1.21e+01 1.21e+01 1.21e+01 1.21e+01 1.22e+01 1.22e+01 1.22e+01 1.22e+01
1.22e+01 1.23e+01 1.23e+01 1.23e+01 1.23e+01 1.24e+01 1.24e+01 1.24e+01 1.24e+01 1.25e+01
1.25e+01 1.25e+01 1.25e+01 1.25e+01 1.26e+01 1.26e+01 1.26e+01 1.26e+01 1.27e+01 1.27e+01
1.27e+01 1.27e+01 1.28e+01 1.28e+01 1.28e+01 1.28e+01 1.28e+01 1.29e+01 1.29e+01 1.29e+01
1.29e+01 1.30e+01 1.30e+01 1.30e+01 1.30e+01 1.31e+01 1.31e+01 1.31e+01 1.31e+01 1.31e+01
1.32e+01 1.32e+01 1.32e+01 1.32e+01 1.33e+01 1.33e+01 1.33e+01 1.33e+01 1.34e+01 1.34e+01
1.34e+01 1.34e+01 1.34e+01 1.35e+01 1.35e+01 1.35e+01 1.35e+01 1.36e+01 1.36e+01 1.36e+01
1.36e+01 1.37e+01 1.37e+01 1.37e+01 1.37e+01 1.37e+01 1.38e+01 1.38e+01 1.38e+01 1.38e+01
1.39e+01 1.39e+01 1.39e+01 1.39e+01 1.40e+01 1.40e+01 1.40e+01 1.40e+01 1.40e+01 1.41e+01
1.41e+01 1.41e+01 1.41e+01 1.42e+01 1.42e+01 1.42e+01 1.42e+01 1.42e+01 1.43e+01 1.43e+01
1.43e+01 1.43e+01 1.44e+01 1.44e+01 1.44e+01 1.44e+01 1.44e+01 1.45e+01 1.45e+01 1.45e+01
1.45e+01 1.45e+01 1.45e+01 1.46e+01 1.46e+01 1.46e+01 1.46e+01 1.46e+01 1.47e+01 1.47e+01
1.47e+01 1.47e+01 1.47e+01 1.47e+01 1.48e+01 1.48e+01 1.48e+01 1.48e+01 1.48e+01 1.48e+01
1.48e+01 1.48e+01 1.49e+01 1.49e+01 1.49e+01 1.49e+01 1.49e+01 1.49e+01 1.49e+01 1.49e+01
1.49e+01 1.50e+01 1.50e+01 1.50e+01 1.50e+01 1.50e+01 1.50e+01 1.51e+01 1.51e+01 1.51e+01
1.51e+01 1.51e+01 1.51e+01 1.51e+01 1.51e+01 1.51e+01 1.51e+01 1.51e+01 1.51e+01 1.51e+01
1.51e+01 1.51e+01 1.51e+01 1.51e+01 1.51e+01 1.51e+01 1.51e+01 1.51e+01 1.51e+01 1.51e+01
1.51e+01 1.51e+01 1.51e+01 1.51e+01 1.51e+01 1.51e+01 1.51e+01 1.51e+01 1.51e+01 1.51e+01
1.51e+01 1.51e+01 1.51e+01 1.51e+01 1.51e+01 1.51e+01 1.51e+01 1.51e+01 1.51e+01 1.51e+01
1.51e+01 1.51e+01 1.51e+01 1.51e+01 1.51e+01 1.51e+01 1.51e+01 1.51e+01 1.51e+01 1.51e+01
1.51e+01 1.51e+01 1.51e+01 1.51e+01 1.51e+01 1.51e+01 1.51e+01 1.51e+01 1.51e+01 1.51e+01
1.51e+01 1.51e+01 1.51e+01 1.51e+01 1.51e+01 1.51e+01 1.51e+01 1.51e+01 1.51e+01 1.51e+01
1.51e+01 1.51e+01 1.51e+01 1.51e+01 1.51e+01 1.51e+01 1.51e+01 1.51e+01 1.51e+01 1.51e+01
1.51e+01 1.51e+01 1.51e+01 1.51e+01 1.51e+01 1.51e+01 1.51e+01 1.51e+01 1.51e+01 1.51e+01
1.51e+01 1.51e+01 1.51e+01 1.51e+01 1.51e+01 1.51e+01 1.51e+01 1.51e+01 1.51e+01 1.51e+01
1.51e+01 1.51e+01 1.51e+01 1.51e+01 1.51e+01 1.51e+01 1.51e+01 1.51e+01 1.51e+01 1.51e+01
1.51e+01 1.51e+01 1.51e+01 1.51e+01 1.51e+01 1.51e+01 1.51e+01 1.51e+01 1.51e+01 1.51e+01
1.51e+01 1.51e+01 1.51e+01 1.51e+01 1.51e+01 1.51e+01 1.51e+01 1.51e+01 1.51e+01 1.51e+01
1.51e+01 1.51e+01 1.51e+01 1.51e+01 1.51e+01 1.51e+01 1.51e+01 1.51e+01 1.51e+01 1.51e+01
1.51e+01 1.51e+01 1.51e+01 1.51e+01 1.51e+01 1.51e+01 1.51e+01 1.51e+01 
[ R.vdc.v1 ]
6      17       0         95
6      18       0         95
6      19       0         95
6      20       0         79
0.026  0.77852 -0.0042426 45.0                 z, wbeg, wspac, wangle (m)
4.971e4                                        Drift velocity (m/s)
TDC Offset Values
  1 1539.5   2 1539.5   3 1539.5   4 1539.5   5 1539.5   6 1539.5   7 1539.5   8 1539.5 
  9 1539.5  10 1539.5  11 1539.5  12 1539.5  13 1539.5  14 1539.5  15 1539.5  16 1539.5 
 17 1535.5  18 1535.5  19 1535.5  20 1535.5  21 1535.5  22 1535.5  23 1535.5  24 1535.5 
 25 1535.5  26 1535.5  27 1535.5  28 1535.5  29 1535.5  30 1535.5  31 1535.5  32 1535.5 
 33 1536.8  34 1536.8  35 1536.8  36 1536.8  37 1536.8  38 1536.8  39 1536.8  40 1536.8 
 41 1536.8  42 1536.8  43 1536.8  44 1536.8  45 1536.8  46 1536.8  47 1536.8  48 1536.8 
 49 1536.2  50 1536.2  51 1536.2  52 1536.2  53 1536.2  54 1536.2  55 1536.2  56 1536.2 
 57 1536.2  58 1536.2  59 1536.2  60 1536.2  61 1536.2  62 1536.2  63 1536.2  64 1536.2 
 65 1535.6  66 1535.6  67 1535.6  68 1535.6  69 1535.6  70 1535.6  71 1535.6  72 1535.6 
 73 1535.6  74 1535.6  75 1535.6  76 1535.6  77 1535.6  78 1535.6  79 1535.6  80 1535.6 
 81 1535.0  82 1535.0  83 1535.0  84 1535.0  85 1535.0  86 1535.0  87 1535.0  88 1535.0 
 89 1535.0  90 1535.0  91 1535.0  92 1535.0  93 1535.0  94 1535.0  95 1535.0  96 1535.0 
 97 1535.6  98 1535.6  99 1535.6 100 1535.6 101 1535.6 102 1535.6 103 1535.6 104 1535.6 
105 1535.6 106 1535.6 107 1535.6 108 1535.6 109 1535.6 110 1535.6 111 1535.6 112 1535.6 
113 1534.5 114 1534.5 115 1534.5 116 1534.5 117 1534.5 118 1534.5 119 1534.5 120 1534.5 
121 1534.5 122 1534.5 123 1534.5 124 1534.5 125 1534.5 126 1534.5 127 1534.5 128 1534.5 
129 1534.6 130 1534.6 131 1534.6 132 1534.6 133 1534.6 134 1534.6 135 1534.6 136 1534.6 
137 1534.6 138 1534.6 139 1534.6 140 1534.6 141 1534.6 142 1534.6 143 1534.6 144 1534.6 
145 1527.0 146 1527.0 147 1527.0 148 1527.0 149 1527.0 150 1527.0 151 1527.0 152 1527.0 
153 1527.0 154 1527.0 155 1527.0 156 1527.0 157 1527.0 158 1527.0 159 1527.0 160 1527.0 
161 1527.0 162 1527.0 163 1527.0 164 1527.0 165 1527.0 166 1527.0 167 1527.0 168 1527.0 
169 1527.0 170 1527.0 171 1527.0 172 1527.0 173 1527.0 174 1527.0 175 1527.0 176 1527.0 
177 1526.5 178 1526.5 179 1526.5 180 1526.5 181 1526.5 182 1526.5 183 1526.5 184 1526.5 
185 1526.5 186 1526.5 187 1526.5 188 1526.5 189 1526.5 190 1526.5 191 1526.5 192 1526.5 
193 1527.1 194 1527.1 195 1527.1 196 1527.1 197 1527.1 198 1527.1 199 1527.1 200 1527.1 
201 1527.1 202 1527.1 203 1527.1 204 1527.1 205 1527.1 206 1527.1 207 1527.1 208 1527.1 
209 1526.6 210 1526.6 211 1526.6 212 1526.6 213 1526.6 214 1526.6 215 1526.6 216 1526.6 
217 1526.6 218 1526.6 219 1526.6 220 1526.6 221 1526.6 222 1526.6 223 1526.6 224 1526.6 
225 1526.3 226 1526.3 227 1526.3 228 1526.3 229 1526.3 230 1526.3 231 1526.3 232 1526.3 
233 1526.3 234 1526.3 235 1526.3 236 1526.3 237 1526.3 238 1526.3 239 1526.3 240 1526.3 
241 1525.3 242 1525.3 243 1525.3 244 1525.3 245 1525.3 246 1525.3 247 1525.3 248 1525.3 
249 1525.3 250 1525.3 251 1525.3 252 1525.3 253 1525.3 254 1525.3 255 1525.3 256 1525.3 
257 1525.2 258 1525.2 259 1525.2 260 1525.2 261 1525.2 262 1525.2 263 1525.2 264 1525.2 
265 1525.2 266 1525.2 267 1525.2 268 1525.2 269 1525.2 270 1525.2 271 1525.2 272 1525.2 
273 1517.5 274 1517.5 275 1517.5 276 1517.5 277 1517.5 278 1517.5 279 1517.5 280 1517.5 
281 1517.5 282 1517.5 283 1517.5 284 1517.5 285 1517.5 286 1517.5 287 1517.5 288 1517.5 
289 1525.4 290 1525.4 291 1525.4 292 1525.4 293 1525.4 294 1525.4 295 1525.4 296 1525.4 
297 1525.4 298 1525.4 299 1525.4 300 1525.4 301 1525.4 302 1525.4 303 1525.4 304 1525.4 
305 1518.3 306 1518.3 307 1518.3 308 1518.3 309 1518.3 310 1518.3 311 1518.3 312 1518.3 
313 1518.3 314 1518.3 315 1518.3 316 1518.3 317 1518.3 318 1518.3 319 1518.3 320 1518.3 
321 1524.9 322 1524.9 323 1524.9 324 1524.9 325 1524.9 326 1524.9 327 1524.9 328 1524.9 
329 1524.9 330 1524.9 331 1524.9 332 1524.9 333 1524.9 334 1524.9 335 1524.9 336 1524.9 
337 1517.7 338 1517.7 339 1517.7 340 1517.7 341 1517.7 342 1517.7 343 1517.7 344 1517.7 
345 1517.7 346 1517.7 347 1517.7 348 1517.7 349 1517.7 350 1517.7 351 1517.7 352 1517.7 
353 1528.8 354 1528.8 355 1528.8 356 1528.8 357 1528.8 358 1528.8 359 1528.8 360 1528.8 
361 1528.8 362 1528.8 363 1528.8 364 1528.8 365 1528.8 366 1528.8 367 1528.8 368 1528.8 

TTD Lookup Table
2.550e-08
647
0.00e+00 0.00e+00 0.00e+00 0.00e+00 0.00e+00 0.00e+00 0.00e+00 0.00e+00 0.00e+00 0.00e+00
0.00e+00 0.00e+00 0.00e+00 0.00e+00 0.00e+00 0.00e+00 0.00e+00 0.00e+00 0.00e+00 0.00e+00
0.00e+00 0.00e+00 0.00e+00 0.00e+00 0.00e+00 0.00e+00 0.00e+00 0.00e+00 0.00e+00 0.00e+00
0.00e+00 0.00e+00 0.00e+00 0.00e+00 0.00e+00 0.00e+00 0.00e+00 0.00e+00 0.00e+00 0.00e+00
0.00e+00 0.00e+00 0.00e+00 0.00e+00 0.00e+00 0.00e+00 0.00e+00 0.00e+00 0.00e+00 0.00e+00
1.57e-03 3.72e-03 6.60e-03 1.05e-02 1.55e-02 2.17e-02 2.93e-02 3.87e-02 4.96e-02 6.23e-02
7.71e-02 9.45e-02 1.14e-01 1.36e-01 1.59e-01 1.85e-01 2.13e-01 2.42e-01 2.74e-01 3.08e-01
3.42e-01 3.78e-01 4.13e-01 4.51e-01 4.89e-01 5.27e-01 5.65e-01 6.06e-01 6.47e-01 6.87e-01
7.28e-01 7.70e-01 8.12e-01 8.54e-01 8.96e-01 9.41e-01 9.84e-01 1.03e+00 1.07e+00 1.11e+00
1.16e+00 1.20e+00 1.25e+00 1.29e+00 1.34e+00 1.38e+00 1.43e+00 1.47e+00 1.52e+00 1.57e+00
1.61e+00 1.66e+00 1.70e+00 1.75e+00 1.79e+00 1.84e+00 1.89e+00 1.93e+00 1.98e+00 2.03e+00
2.07e+00 2.12e+00 2.16e+00 2.21e+00 2.25e+00 2.30e+00 2.34e+00 2.39e+00 2.43e+00 2.48e+00
2.52e+00 2.56e+00 2.60e+00 2.65e+00 2.69e+00 2.73e+00 2.77e+00 2.81e+00 2.84e+00 2.88e+00
2.92e+00 2.95e+00 2.99e+00 3.02e+00 3.06e+00 3.09e+00 3.12e+00 3.15e+00 3.18e+00 3.21e+00
3.24e+00 3.27e+00 3.30e+00 3.33e+00 3.36e+00 3.39e+00 3.41e+00 3.44e+00 3.47e+00 3.50e+00
3.53e+00 3.55e+00 3.58e+00 3.61e+00 3.64e+00 3.67e+00 3.69e+00 3.72e+00 3.75e+00 3.77e+00
3.80e+00 3.83e+00 3.86e+00 3.88e+00 3.91e+00 3.94e+00 3.96e+00 3.99e+00 4.01e+00 4.04e+00
4.07e+00 4.09e+00 4.12e+00 4.14e+00 4.17e+00 4.20e+00 4.22e+00 4.25e+00 4.27e+00 4.30e+00
4.32e+00 4.35e+00 4.37e+00 4.40e+00 4.42e+00 4.45e+00 4.47e+00 4.50e+00 4.52e+00 4.55e+00
4.57e+00 4.60e+00 4.62e+00 4.64e+00 4.67e+00 4.69e+00 4.72e+00 4.74e+00 4.77e+00 4.79e+00
4.81e+00 4.84e+00 4.86e+00 4.89e+00 4.91e+00 4.94e+00 4.96e+00 4.99e+00 5.01e+00 5.03e+00
5.06e+00 5.08e+00 5.11e+00 5.13e+00 5.15e+00 5.18e+00 5.20e+00 5.23e+00 5.25e+00 5.27e+00
5.30e+00 5.32e+00 5.35e+00 5.37e+00 5.39e+00 5.42e+00 5.44e+00 5.47e+00 5.49e+00 5.51e+00
5.54e+00 5.56e+00 5.58e+00 5.61e+00 5.63e+00 5.65e+00 5.68e+00 5.70e+00 5.72e+00 5.75e+00
5.77e+00 5.79e+00 5.82e+00 5.84e+00 5.86e+00 5.89e+00 5.91e+00 5.93e+00 5.96e+00 5.98e+00
6.00e+00 6.03e+00 6.05e+00 6.08e+00 6.10e+00 6.12e+00 6.15e+00 6.17e+00 6.19e+00 6.22e+00
6.24e+00 6.27e+00 6.29e+00 6.31e+00 6.34e+00 6.36e+00 6.39e+00 6.41e+00 6.43e+00 6.46e+00
6.48e+00 6.50e+00 6.53e+00 6.55e+00 6.58e+00 6.60e+00 6.62e+00 6.65e+00 6.68e+00 6.70e+00
6.72e+00 6.75e+00 6.77e+00 6.79e+00 6.82e+00 6.84e+00 6.87e+00 6.89e+00 6.91e+00 6.94e+00
6.96e+00 6.99e+00 7.01e+00 7.03e+00 7.06e+00 7.08e+00 7.11e+00 7.13e+00 7.15e+00 7.18e+00
7.20e+00 7.23e+00 7.25e+00 7.27e+00 7.30e+00 7.32e+00 7.35e+00 7.37e+00 7.39e+00 7.42e+00
7.44e+00 7.47e+00 7.49e+00 7.51e+00 7.54e+00 7.56e+00 7.58e+00 7.61e+00 7.63e+00 7.66e+00
7.68e+00 7.70e+00 7.73e+00 7.75e+00 7.78e+00 7.80e+00 7.82e+00 7.85e+00 7.87e+00 7.89e+00
7.92e+00 7.94e+00 7.96e+00 7.99e+00 8.01e+00 8.04e+00 8.06e+00 8.08e+00 8.11e+00 8.13e+00
8.15e+00 8.18e+00 8.20e+00 8.23e+00 8.25e+00 8.27e+00 8.30e+00 8.32e+00 8.34e+00 8.37e+00
8.39e+00 8.41e+00 8.44e+00 8.46e+00 8.49e+00 8.51e+00 8.53e+00 8.56e+00 8.58e+00 8.60e+00
8.63e+00 8.65e+00 8.67e+00 8.70e+00 8.72e+00 8.75e+00 8.77e+00 8.79e+00 8.81e+00 8.84e+00
8.86e+00 8.89e+00 8.91e+00 8.93e+00 8.96e+00 8.98e+00 9.00e+00 9.03e+00 9.05e+00 9.07e+00
9.10e+00 9.12e+00 9.14e+00 9.17e+00 9.19e+00 9.21e+00 9.24e+00 9.26e+00 9.28e+00 9.31e+00
9.33e+00 9.36e+00 9.38e+00 9.40e+00 9.43e+00 9.45e+00 9.47e+00 9.50e+00 9.52e+00 9.54e+00
9.57e+00 9.59e+00 9.61e+00 9.64e+00 9.66e+00 9.68e+00 9.71e+00 9.73e+00 9.75e+00 9.78e+00
9.80e+00 9.82e+00 9.85e+00 9.87e+00 9.89e+00 9.92e+00 9.94e+00 9.96e+00 9.99e+00 1.00e+01
1.00e+01 1.01e+01 1.01e+01 1.01e+01 1.01e+01 1.02e+01 1.02e+01 1.02e+01 1.02e+01 1.02e+01
1.03e+01 1.03e+01 1.03e+01 1.03e+01 1.04e+01 1.04e+01 1.04e+01 1.04e+01 1.05e+01 1.05e+01
1.05e+01 1.05e+01 1.05e+01 1.06e+01 1.06e+01 1.06e+01 1.06e+01 1.07e+01 1.07e+01 1.07e+01
1.07e+01 1.08e+01 1.08e+01 1.08e+01 1.08e+01 1.09e+01 1.09e+01 1.09e+01 1.09e+01 1.09e+01
1.10e+01 1.10e+01 1.10e+01 1.10e+01 1.11e+01 1.11e+01 1.11e+01 1.11e+01 1.12e+01 1.12e+01
1.12e+01 1.12e+01 1.12e+01 1.13e+01 1.13e+01 1.13e+01 1.13e+01 1.14e+01 1.14e+01 1.14e+01
1.14e+01 1.15e+01 1.15e+01 1.15e+01 1.15e+01 1.15e+01 1.16e+01 1.16e+01 1.16e+01 1.16e+01
1.17e+01 1.17e+01 1.17e+01 1.17e+01 1.18e+01 1.18e+01 1.18e+01 1.18e+01 1.19e+01 1.19e+01
1.19e+01 1.19e+01 1.19e+01 1.20e+01 1.20e+01 1.20e+01 1.20e+01 1.21e+01 1.21e+01 1.21e+01
1.21e+01 1.22e+01 1.22e+01 1.22e+01 1.22e+01 1.22e+01 1.23e+01 1.23e+01 1.23e+01 1.23e+01
1.24e+01 1.24e+01 1.24e+01 1.24e+01 1.25e+01 1.25e+01 1.25e+01 1.25e+01 1.25e+01 1.26e+01
1.26e+01 1.26e+01 1.26e+01 1.27e+01 1.27e+01 1.27e+01 1.27e+01 1.28e+01 1.28e+01 1.28e+01
1.28e+01 1.28e+01 1.29e+01 1.29e+01 1.29e+01 1.29e+01 1.30e+01 1.30e+01 1.30e+01 1.30e+01
1.31e+01 1.31e+01 1.31e+01 1.31e+01 1.31e+01 1.32e+01 1.32e+01 1.32e+01 1.32e+01 1.33e+01
1.33e+01 1.33e+01 1.33e+01 1.34e+01 1.34e+01 1.34e+01 1.34e+01 1.34e+01 1.35e+01 1.35e+01
1.35e+01 1.35e+01 1.36e+01 1.36e+01 1.36e+01 1.36e+01 1.37e+01 1.37e+01 1.37e+01 1.37e+01
1.37e+01 1.38e+01 1.38e+01 1.38e+01 1.38e+01 1.39e+01 1.39e+01 1.39e+01 1.39e+01 1.40e+01
1.40e+01 1.40e+01 1.40e+01 1.40e+01 1.41e+01 1.41e+01 1.41e+01 1.41e+01 1.42e+01 1.42e+01
1.42e+01 1.42e+01 1.42e+01 1.43e+01 1.43e+01 1.43e+01 1.43e+01 1.43e+01 1.44e+01 1.44e+01
1.44e+01 1.44e+01 1.45e+01 1.45e+01 1.45e+01 1.45e+01 1.45e+01 1.45e+01 1.46e+01 1.46e+01
1.46e+01 1.46e+01 1.46e+01 1.47e+01 1.47e+01 1.47e+01 1.47e+01 1.47e+01 1.47e+01 1.48e+01
1.48e+01 1.48e+01 1.48e+01 1.48e+01 1.48e+01 1.48e+01 1.49e+01 1.49e+01 1.49e+01 1.49e+01
1.49e+01 1.49e+01 1.49e+01 1.49e+01 1.49e+01 1.50e+01 1.50e+01 1.51e+01 1.51e+01 1.51e+01
1.51e+01 1.51e+01 1.51e+01 1.51e+01 1.51e+01 1.51e+01 1.51e+01 1.51e+01 1.51e+01 1.51e+01
1.51e+01 1.51e+01 1.51e+01 1.51e+01 1.51e+01 1.51e+01 1.51e+01 1.51e+01 1.51e+01 1.51e+01
1.51e+01 1.51e+01 1.51e+01 1.51e+01 1.51e+01 1.51e+01 1.51e+01 1.51e+01 1.51e+01 1.51e+01
1.51e+01 1.51e+01 1.51e+01 1.51e+01 1.51e+01 1.51e+01 1.51e+01 1.51e+01 1.51e+01 1.51e+01
1.51e+01 1.51e+01 1.51e+01 1.51e+01 1.51e+01 1.51e+01 1.51e+01 1.51e+01 1.51e+01 1.51e+01
1.51e+01 1.51e+01 1.51e+01 1.51e+01 1.51e+01 1.51e+01 1.51e+01 1.51e+01 1.51e+01 1.51e+01
1.51e+01 1.51e+01 1.51e+01 1.51e+01 1.51e+01 1.51e+01 1.51e+01 1.51e+01 1.51e+01 1.51e+01
1.51e+01 1.51e+01 1.51e+01 1.51e+01 1.51e+01 1.51e+01 1.51e+01 1.51e+01 1.51e+01 1.51e+01
1.51e+01 1.51e+01 1.51e+01 1.51e+01 1.51e+01 1.51e+01 1.51e+01 1.51e+01 1.51e+01 1.51e+01
1.51e+01 1.51e+01 1.51e+01 1.51e+01 1.51e+01 1.51e+01 1.51e+01 1.51e+01 1.51e+01 1.51e+01
1.51e+01 1.51e+01 1.51e+01 1.51e+01 1.51e+01 1.51e+01 1.51e+01 1.51e+01 1.51e+01 1.51e+01
1.51e+01 1.51e+01 1.51e+01 1.51e+01 1.51e+01 1.51e+01 1.51e+01 1.51e+01 1.51e+01 1.51e+01
1.51e+01 1.51e+01 1.51e+01 1.51e+01 1.51e+01 1.51e+01 1.51e+01 1.51e+01 1.51e+01 1.51e+01
1.51e+01 1.51e+01 1.51e+01 1.51e+01 1.51e+01 1.51e+01 1.51e+01 1.51e+01 1.51e+01 1.51e+01
1.51e+01 1.51e+01 1.51e+01 1.51e+01 1.51e+01 1.51e+01 1.51e+01 1.51e+01 7.99e-44
[ R.vdc.u2 ]
2      3       0          95
2      4       0          95
2      5       0          95
2      6       0          79
0.3327 1.02793  -0.0042426 -45.0               z, wbeg, wspac,, wangle (m)
4.953e4                                        Drift velocity (m/s)
TDC Offset Values
  1 1527.0   2 1527.0   3 1527.0   4 1527.0   5 1527.0   6 1527.0   7 1527.0   8 1527.0 
  9 1527.0  10 1527.0  11 1527.0  12 1527.0  13 1527.0  14 1527.0  15 1527.0  16 1527.0 
 17 1525.7  18 1525.7  19 1525.7  20 1525.7  21 1525.7  22 1525.7  23 1525.7  24 1525.7 
 25 1525.7  26 1525.7  27 1525.7  28 1525.7  29 1525.7  30 1525.7  31 1525.7  32 1525.7 
 33 1525.5  34 1525.5  35 1525.5  36 1525.5  37 1525.5  38 1525.5  39 1525.5  40 1525.5 
 41 1525.5  42 1525.5  43 1525.5  44 1525.5  45 1525.5  46 1525.5  47 1525.5  48 1525.5 
 49 1517.8  50 1517.8  51 1517.8  52 1517.8  53 1517.8  54 1517.8  55 1517.8  56 1517.8 
 57 1517.8  58 1517.8  59 1517.8  60 1517.8  61 1517.8  62 1517.8  63 1517.8  64 1517.8 
 65 1518.0  66 1518.0  67 1518.0  68 1518.0  69 1518.0  70 1518.0  71 1518.0  72 1518.0 
 73 1518.0  74 1518.0  75 1518.0  76 1518.0  77 1518.0  78 1518.0  79 1518.0  80 1518.0 
 81 1518.0  82 1518.0  83 1518.0  84 1518.0  85 1518.0  86 1518.0  87 1518.0  88 1518.0 
 89 1518.0  90 1518.0  91 1518.0  92 1518.0  93 1518.0  94 1518.0  95 1518.0  96 1518.0 
 97 1525.8  98 1525.8  99 1525.8 100 1525.8 101 1525.8 102 1525.8 103 1525.8 104 1525.8 
105 1525.8 106 1525.8 107 1525.8 108 1525.8 109 1525.8 110 1525.8 111 1525.8 112 1525.8 
113 1525.3 114 1525.3 115 1525.3 116 1525.3 117 1525.3 118 1525.3 119 1525.3 120 1525.3 
121 1525.3 122 1525.3 123 1525.3 124 1525.3 125 1525.3 126 1525.3 127 1525.3 128 1525.3 
129 1518.3 130 1518.3 131 1518.3 132 1518.3 133 1518.3 134 1518.3 135 1518.3 136 1518.3 
137 1518.3 138 1518.3 139 1518.3 140 1518.3 141 1518.3 142 1518.3 143 1518.3 144 1518.3 
145 1517.5 146 1517.5 147 1517.5 148 1517.5 149 1517.5 150 1517.5 151 1517.5 152 1517.5 
153 1517.5 154 1517.5 155 1517.5 156 1517.5 157 1517.5 158 1517.5 159 1517.5 160 1517.5 
161 1516.9 162 1516.9 163 1516.9 164 1516.9 165 1516.9 166 1516.9 167 1516.9 168 1516.9 
169 1516.9 170 1516.9 171 1516.9 172 1516.9 173 1516.9 174 1516.9 175 1516.9 176 1516.9 
177 1516.5 178 1516.5 179 1516.5 180 1516.5 181 1516.5 182 1516.5 183 1516.5 184 1516.5 
185 1516.5 186 1516.5 187 1516.5 188 1516.5 189 1516.5 190 1516.5 191 1516.5 192 1516.5 
193 1517.1 194 1517.1 195 1517.1 196 1517.1 197 1517.1 198 1517.1 199 1517.1 200 1517.1 
201 1517.1 202 1517.1 203 1517.1 204 1517.1 205 1517.1 206 1517.1 207 1517.1 208 1517.1 
209 1516.5 210 1516.5 211 1516.5 212 1516.5 213 1516.5 214 1516.5 215 1516.5 216 1516.5 
217 1516.5 218 1516.5 219 1516.5 220 1516.5 221 1516.5 222 1516.5 223 1516.5 224 1516.5 
225 1516.8 226 1516.8 227 1516.8 228 1516.8 229 1516.8 230 1516.8 231 1516.8 232 1516.8 
233 1516.8 234 1516.8 235 1516.8 236 1516.8 237 1516.8 238 1516.8 239 1516.8 240 1516.8 
241 1509.0 242 1509.0 243 1509.0 244 1509.0 245 1509.0 246 1509.0 247 1509.0 248 1509.0 
249 1509.0 250 1509.0 251 1509.0 252 1509.0 253 1509.0 254 1509.0 255 1509.0 256 1509.0 
257 1509.8 258 1509.8 259 1509.8 260 1509.8 261 1509.8 262 1509.8 263 1509.8 264 1509.8 
265 1509.8 266 1509.8 267 1509.8 268 1509.8 269 1509.8 270 1509.8 271 1509.8 272 1509.8 
273 1509.3 274 1509.3 275 1509.3 276 1509.3 277 1509.3 278 1509.3 279 1509.3 280 1509.3 
281 1509.3 282 1509.3 283 1509.3 284 1509.3 285 1509.3 286 1509.3 287 1509.3 288 1509.3 
289 1516.6 290 1516.6 291 1516.6 292 1516.6 293 1516.6 294 1516.6 295 1516.6 296 1516.6 
297 1516.6 298 1516.6 299 1516.6 300 1516.6 301 1516.6 302 1516.6 303 1516.6 304 1516.6 
305 1509.9 306 1509.9 307 1509.9 308 1509.9 309 1509.9 310 1509.9 311 1509.9 312 1509.9 
313 1509.9 314 1509.9 315 1509.9 316 1509.9 317 1509.9 318 1509.9 319 1509.9 320 1509.9 
321 1509.4 322 1509.4 323 1509.4 324 1509.4 325 1509.4 326 1509.4 327 1509.4 328 1509.4 
329 1509.4 330 1509.4 331 1509.4 332 1509.4 333 1509.4 334 1509.4 335 1509.4 336 1509.4 
337 1510.3 338 1510.3 339 1510.3 340 1510.3 341 1510.3 342 1510.3 343 1510.3 344 1510.3 
345 1510.3 346 1510.3 347 1510.3 348 1510.3 349 1510.3 350 1510.3 351 1510.3 352 1510.3 
353 1516.7 354 1516.7 355 1516.7 356 1516.7 357 1516.7 358 1516.7 359 1516.7 360 1516.7 
361 1516.7 362 1516.7 363 1516.7 364 1516.7 365 1516.7 366 1516.7 367 1516.7 368 1516.7 


TTD Lookup Table
2.800e-08
642
0.00e+00 0.00e+00 0.00e+00 0.00e+00 0.00e+00 0.00e+00 0.00e+00 0.00e+00 0.00e+00 0.00e+00
0.00e+00 0.00e+00 0.00e+00 0.00e+00 0.00e+00 0.00e+00 0.00e+00 0.00e+00 0.00e+00 0.00e+00
0.00e+00 0.00e+00 0.00e+00 0.00e+00 0.00e+00 0.00e+00 0.00e+00 0.00e+00 0.00e+00 0.00e+00
0.00e+00 0.00e+00 0.00e+00 0.00e+00 0.00e+00 0.00e+00 0.00e+00 0.00e+00 0.00e+00 0.00e+00
0.00e+00 0.00e+00 0.00e+00 0.00e+00 0.00e+00 0.00e+00 0.00e+00 0.00e+00 0.00e+00 0.00e+00
0.00e+00 0.00e+00 0.00e+00 0.00e+00 0.00e+00 2.10e-03 4.91e-03 8.89e-03 1.45e-02 2.13e-02
3.02e-02 4.15e-02 5.54e-02 7.13e-02 8.95e-02 1.11e-01 1.35e-01 1.60e-01 1.92e-01 2.23e-01
2.55e-01 2.88e-01 3.23e-01 3.60e-01 3.98e-01 4.36e-01 4.74e-01 5.15e-01 5.55e-01 5.96e-01
6.37e-01 6.81e-01 7.23e-01 7.66e-01 8.09e-01 8.54e-01 8.98e-01 9.43e-01 9.87e-01 1.03e+00
1.08e+00 1.12e+00 1.17e+00 1.22e+00 1.26e+00 1.31e+00 1.35e+00 1.40e+00 1.45e+00 1.50e+00
1.54e+00 1.59e+00 1.64e+00 1.68e+00 1.73e+00 1.78e+00 1.83e+00 1.87e+00 1.92e+00 1.97e+00
2.01e+00 2.06e+00 2.11e+00 2.16e+00 2.20e+00 2.25e+00 2.29e+00 2.34e+00 2.39e+00 2.43e+00
2.47e+00 2.52e+00 2.56e+00 2.61e+00 2.65e+00 2.69e+00 2.73e+00 2.77e+00 2.81e+00 2.85e+00
2.89e+00 2.93e+00 2.96e+00 3.00e+00 3.03e+00 3.07e+00 3.10e+00 3.13e+00 3.16e+00 3.19e+00
3.22e+00 3.25e+00 3.28e+00 3.31e+00 3.33e+00 3.36e+00 3.39e+00 3.42e+00 3.45e+00 3.48e+00
3.51e+00 3.54e+00 3.57e+00 3.60e+00 3.62e+00 3.65e+00 3.68e+00 3.71e+00 3.74e+00 3.77e+00
3.79e+00 3.82e+00 3.85e+00 3.88e+00 3.91e+00 3.94e+00 3.96e+00 3.99e+00 4.02e+00 4.05e+00
4.07e+00 4.10e+00 4.12e+00 4.15e+00 4.18e+00 4.21e+00 4.23e+00 4.26e+00 4.29e+00 4.31e+00
4.34e+00 4.36e+00 4.39e+00 4.42e+00 4.44e+00 4.47e+00 4.49e+00 4.52e+00 4.55e+00 4.57e+00
4.60e+00 4.62e+00 4.65e+00 4.67e+00 4.70e+00 4.72e+00 4.75e+00 4.78e+00 4.80e+00 4.83e+00
4.85e+00 4.88e+00 4.90e+00 4.93e+00 4.95e+00 4.98e+00 5.00e+00 5.03e+00 5.05e+00 5.08e+00
5.10e+00 5.13e+00 5.15e+00 5.18e+00 5.20e+00 5.23e+00 5.25e+00 5.28e+00 5.30e+00 5.33e+00
5.35e+00 5.38e+00 5.40e+00 5.43e+00 5.45e+00 5.48e+00 5.50e+00 5.52e+00 5.55e+00 5.57e+00
5.60e+00 5.62e+00 5.65e+00 5.67e+00 5.69e+00 5.72e+00 5.74e+00 5.77e+00 5.79e+00 5.82e+00
5.84e+00 5.86e+00 5.89e+00 5.91e+00 5.94e+00 5.96e+00 5.99e+00 6.01e+00 6.03e+00 6.06e+00
6.08e+00 6.11e+00 6.13e+00 6.16e+00 6.18e+00 6.21e+00 6.23e+00 6.26e+00 6.28e+00 6.30e+00
6.33e+00 6.35e+00 6.38e+00 6.40e+00 6.43e+00 6.45e+00 6.48e+00 6.50e+00 6.53e+00 6.55e+00
6.58e+00 6.60e+00 6.62e+00 6.65e+00 6.68e+00 6.70e+00 6.72e+00 6.75e+00 6.78e+00 6.80e+00
6.82e+00 6.85e+00 6.87e+00 6.90e+00 6.92e+00 6.95e+00 6.97e+00 7.00e+00 7.02e+00 7.05e+00
7.07e+00 7.10e+00 7.12e+00 7.15e+00 7.17e+00 7.20e+00 7.22e+00 7.25e+00 7.27e+00 7.30e+00
7.32e+00 7.35e+00 7.37e+00 7.40e+00 7.42e+00 7.45e+00 7.47e+00 7.50e+00 7.52e+00 7.55e+00
7.57e+00 7.60e+00 7.62e+00 7.64e+00 7.67e+00 7.69e+00 7.72e+00 7.74e+00 7.77e+00 7.79e+00
7.82e+00 7.84e+00 7.87e+00 7.89e+00 7.92e+00 7.94e+00 7.97e+00 7.99e+00 8.01e+00 8.04e+00
8.06e+00 8.09e+00 8.11e+00 8.14e+00 8.16e+00 8.19e+00 8.21e+00 8.23e+00 8.26e+00 8.28e+00
8.31e+00 8.33e+00 8.36e+00 8.38e+00 8.40e+00 8.43e+00 8.45e+00 8.48e+00 8.51e+00 8.53e+00
8.56e+00 8.58e+00 8.60e+00 8.63e+00 8.65e+00 8.68e+00 8.70e+00 8.73e+00 8.75e+00 8.77e+00
8.80e+00 8.82e+00 8.85e+00 8.87e+00 8.90e+00 8.92e+00 8.94e+00 8.97e+00 8.99e+00 9.02e+00
9.04e+00 9.07e+00 9.09e+00 9.11e+00 9.14e+00 9.16e+00 9.19e+00 9.21e+00 9.24e+00 9.26e+00
9.28e+00 9.31e+00 9.33e+00 9.36e+00 9.38e+00 9.41e+00 9.43e+00 9.45e+00 9.48e+00 9.50e+00
9.53e+00 9.55e+00 9.57e+00 9.60e+00 9.62e+00 9.65e+00 9.67e+00 9.70e+00 9.72e+00 9.75e+00
9.77e+00 9.79e+00 9.82e+00 9.84e+00 9.87e+00 9.89e+00 9.91e+00 9.94e+00 9.96e+00 9.99e+00
1.00e+01 1.00e+01 1.01e+01 1.01e+01 1.01e+01 1.01e+01 1.02e+01 1.02e+01 1.02e+01 1.02e+01
1.03e+01 1.03e+01 1.03e+01 1.03e+01 1.04e+01 1.04e+01 1.04e+01 1.04e+01 1.05e+01 1.05e+01
1.05e+01 1.05e+01 1.05e+01 1.06e+01 1.06e+01 1.06e+01 1.06e+01 1.07e+01 1.07e+01 1.07e+01
1.07e+01 1.08e+01 1.08e+01 1.08e+01 1.08e+01 1.09e+01 1.09e+01 1.09e+01 1.09e+01 1.10e+01
1.10e+01 1.10e+01 1.10e+01 1.11e+01 1.11e+01 1.11e+01 1.11e+01 1.11e+01 1.12e+01 1.12e+01
1.12e+01 1.12e+01 1.13e+01 1.13e+01 1.13e+01 1.13e+01 1.14e+01 1.14e+01 1.14e+01 1.14e+01
1.15e+01 1.15e+01 1.15e+01 1.15e+01 1.16e+01 1.16e+01 1.16e+01 1.16e+01 1.17e+01 1.17e+01
1.17e+01 1.17e+01 1.17e+01 1.18e+01 1.18e+01 1.18e+01 1.18e+01 1.19e+01 1.19e+01 1.19e+01
1.19e+01 1.20e+01 1.20e+01 1.20e+01 1.20e+01 1.21e+01 1.21e+01 1.21e+01 1.21e+01 1.22e+01
1.22e+01 1.22e+01 1.22e+01 1.23e+01 1.23e+01 1.23e+01 1.23e+01 1.24e+01 1.24e+01 1.24e+01
1.24e+01 1.24e+01 1.25e+01 1.25e+01 1.25e+01 1.25e+01 1.26e+01 1.26e+01 1.26e+01 1.26e+01
1.27e+01 1.27e+01 1.27e+01 1.27e+01 1.28e+01 1.28e+01 1.28e+01 1.28e+01 1.29e+01 1.29e+01
1.29e+01 1.29e+01 1.29e+01 1.30e+01 1.30e+01 1.30e+01 1.30e+01 1.31e+01 1.31e+01 1.31e+01
1.31e+01 1.32e+01 1.32e+01 1.32e+01 1.32e+01 1.33e+01 1.33e+01 1.33e+01 1.33e+01 1.34e+01
1.34e+01 1.34e+01 1.34e+01 1.34e+01 1.35e+01 1.35e+01 1.35e+01 1.35e+01 1.36e+01 1.36e+01
1.36e+01 1.36e+01 1.37e+01 1.37e+01 1.37e+01 1.37e+01 1.38e+01 1.38e+01 1.38e+01 1.38e+01
1.39e+01 1.39e+01 1.39e+01 1.39e+01 1.39e+01 1.40e+01 1.40e+01 1.40e+01 1.40e+01 1.41e+01
1.41e+01 1.41e+01 1.41e+01 1.42e+01 1.42e+01 1.42e+01 1.42e+01 1.43e+01 1.43e+01 1.43e+01
1.43e+01 1.43e+01 1.44e+01 1.44e+01 1.44e+01 1.44e+01 1.45e+01 1.45e+01 1.45e+01 1.45e+01
1.45e+01 1.46e+01 1.46e+01 1.46e+01 1.46e+01 1.46e+01 1.47e+01 1.47e+01 1.47e+01 1.47e+01
1.47e+01 1.47e+01 1.48e+01 1.48e+01 1.48e+01 1.48e+01 1.48e+01 1.48e+01 1.48e+01 1.49e+01
1.49e+01 1.49e+01 1.49e+01 1.49e+01 1.49e+01 1.49e+01 1.49e+01 1.50e+01 1.50e+01 1.50e+01
1.50e+01 1.50e+01 1.50e+01 1.50e+01 1.50e+01 1.50e+01 1.50e+01 1.50e+01 1.50e+01 1.50e+01
1.50e+01 1.51e+01 1.51e+01 1.51e+01 1.51e+01 1.51e+01 1.51e+01 1.51e+01 1.51e+01 1.51e+01
1.51e+01 1.51e+01 1.51e+01 1.51e+01 1.51e+01 1.51e+01 1.51e+01 1.51e+01 1.51e+01 1.51e+01
1.51e+01 1.51e+01 1.51e+01 1.51e+01 1.51e+01 1.51e+01 1.51e+01 1.51e+01 1.51e+01 1.51e+01
1.51e+01 1.51e+01 1.51e+01 1.51e+01 1.51e+01 1.51e+01 1.51e+01 1.51e+01 1.51e+01 1.51e+01
1.51e+01 1.51e+01 1.51e+01 1.51e+01 1.51e+01 1.51e+01 1.51e+01 1.51e+01 1.51e+01 1.51e+01
1.51e+01 1.51e+01 1.51e+01 1.51e+01 1.51e+01 1.51e+01 1.51e+01 1.51e+01 1.51e+01 1.51e+01
1.51e+01 1.51e+01 1.51e+01 1.51e+01 1.51e+01 1.51e+01 1.51e+01 1.51e+01 1.51e+01 1.51e+01
1.51e+01 1.51e+01 1.51e+01 1.51e+01 1.51e+01 1.51e+01 1.51e+01 1.51e+01 1.51e+01 1.51e+01
1.51e+01 1.51e+01 1.51e+01 1.51e+01 1.51e+01 1.51e+01 1.51e+01 1.51e+01 1.51e+01 1.51e+01
1.51e+01 1.51e+01 1.51e+01 1.51e+01 1.51e+01 1.51e+01 1.51e+01 1.51e+01 1.51e+01 1.51e+01
1.51e+01 1.51e+01 1.51e+01 1.51e+01 1.51e+01 1.51e+01 1.51e+01 1.51e+01 1.51e+01 1.51e+01
1.51e+01 1.51e+01 1.51e+01 1.51e+01 1.51e+01 1.51e+01 1.51e+01 1.51e+01 1.51e+01 1.51e+01
1.51e+01 1.51e+01 1.51e+01 1.51e+01 1.51e+01 1.51e+01 1.51e+01 1.51e+01 1.51e+01 1.51e+01
1.51e+01 1.51e+01 1.51e+01 1.51e+01 1.51e+01 1.51e+01 1.51e+01 1.51e+01 1.51e+01 1.51e+01
1.51e+01 1.51e+01 1.51e+01 1.51e+01 1.51e+01 1.51e+01 1.51e+01 1.51e+01 1.51e+01 1.51e+01
1.51e+01 1.51e+01 1.51e+01 1.51e+01 1.51e+01 1.51e+01 1.51e+01 1.51e+01 7.99e-44
[ R.vdc.v2 ]
6      24       0         95
6      23       0         95
6      22       0         95
6      21       0         79
0.3587 1.02793 -0.0042426 45.0                 z, wbeg, wspac, wangle (m)   
4.948e4                                        Drift velocity (m/s)
TDC Offset Values
  1 1535.9   2 1535.9   3 1535.9   4 1535.9   5 1535.9   6 1535.9   7 1535.9   8 1535.9 
  9 1535.9  10 1535.9  11 1535.9  12 1535.9  13 1535.9  14 1535.9  15 1535.9  16 1535.9 
 17 1535.4  18 1535.4  19 1535.4  20 1535.4  21 1535.4  22 1535.4  23 1535.4  24 1535.4 
 25 1535.4  26 1535.4  27 1535.4  28 1535.4  29 1535.4  30 1535.4  31 1535.4  32 1535.4 
 33 1535.4  34 1535.4  35 1535.4  36 1535.4  37 1535.4  38 1535.4  39 1535.4  40 1535.4 
 41 1535.4  42 1535.4  43 1535.4  44 1535.4  45 1535.4  46 1535.4  47 1535.4  48 1535.4 
 49 1535.1  50 1535.1  51 1535.1  52 1535.1  53 1535.1  54 1535.1  55 1535.1  56 1535.1 
 57 1535.1  58 1535.1  59 1535.1  60 1535.1  61 1535.1  62 1535.1  63 1535.1  64 1535.1 
 65 1534.6  66 1534.6  67 1534.6  68 1534.6  69 1534.6  70 1534.6  71 1534.6  72 1534.6 
 73 1534.6  74 1534.6  75 1534.6  76 1534.6  77 1534.6  78 1534.6  79 1534.6  80 1534.6 
 81 1533.3  82 1533.3  83 1533.3  84 1533.3  85 1533.3  86 1533.3  87 1533.3  88 1533.3 
 89 1533.3  90 1533.3  91 1533.3  92 1533.3  93 1533.3  94 1533.3  95 1533.3  96 1533.3 
 97 1535.3  98 1535.3  99 1535.3 100 1535.3 101 1535.3 102 1535.3 103 1535.3 104 1535.3 
105 1535.3 106 1535.3 107 1535.3 108 1535.3 109 1535.3 110 1535.3 111 1535.3 112 1535.3 
113 1526.8 114 1526.8 115 1526.8 116 1526.8 117 1526.8 118 1526.8 119 1526.8 120 1526.8 
121 1526.8 122 1526.8 123 1526.8 124 1526.8 125 1526.8 126 1526.8 127 1526.8 128 1526.8 
129 1526.7 130 1526.7 131 1526.7 132 1526.7 133 1526.7 134 1526.7 135 1526.7 136 1526.7 
137 1526.7 138 1526.7 139 1526.7 140 1526.7 141 1526.7 142 1526.7 143 1526.7 144 1526.7 
145 1526.6 146 1526.6 147 1526.6 148 1526.6 149 1526.6 150 1526.6 151 1526.6 152 1526.6 
153 1526.6 154 1526.6 155 1526.6 156 1526.6 157 1526.6 158 1526.6 159 1526.6 160 1526.6 
161 1525.9 162 1525.9 163 1525.9 164 1525.9 165 1525.9 166 1525.9 167 1525.9 168 1525.9 
169 1525.9 170 1525.9 171 1525.9 172 1525.9 173 1525.9 174 1525.9 175 1525.9 176 1525.9 
177 1525.3 178 1525.3 179 1525.3 180 1525.3 181 1525.3 182 1525.3 183 1525.3 184 1525.3 
185 1525.3 186 1525.3 187 1525.3 188 1525.3 189 1525.3 190 1525.3 191 1525.3 192 1525.3 
193 1526.2 194 1526.2 195 1526.2 196 1526.2 197 1526.2 198 1526.2 199 1526.2 200 1526.2 
201 1526.2 202 1526.2 203 1526.2 204 1526.2 205 1526.2 206 1526.2 207 1526.2 208 1526.2 
209 1525.2 210 1525.2 211 1525.2 212 1525.2 213 1525.2 214 1525.2 215 1525.2 216 1525.2 
217 1525.2 218 1525.2 219 1525.2 220 1525.2 221 1525.2 222 1525.2 223 1525.2 224 1525.2 
225 1525.6 226 1525.6 227 1525.6 228 1525.6 229 1525.6 230 1525.6 231 1525.6 232 1525.6 
233 1525.6 234 1525.6 235 1525.6 236 1525.6 237 1525.6 238 1525.6 239 1525.6 240 1525.6 
241 1524.7 242 1524.7 243 1524.7 244 1524.7 245 1524.7 246 1524.7 247 1524.7 248 1524.7 
249 1524.7 250 1524.7 251 1524.7 252 1524.7 253 1524.7 254 1524.7 255 1524.7 256 1524.7 
257 1517.8 258 1517.8 259 1517.8 260 1517.8 261 1517.8 262 1517.8 263 1517.8 264 1517.8 
265 1517.8 266 1517.8 267 1517.8 268 1517.8 269 1517.8 270 1517.8 271 1517.8 272 1517.8 
273 1517.0 274 1517.0 275 1517.0 276 1517.0 277 1517.0 278 1517.0 279 1517.0 280 1517.0 
281 1517.0 282 1517.0 283 1517.0 284 1517.0 285 1517.0 286 1517.0 287 1517.0 288 1517.0 
289 1525.3 290 1525.3 291 1525.3 292 1525.3 293 1525.3 294 1525.3 295 1525.3 296 1525.3 
297 1525.3 298 1525.3 299 1525.3 300 1525.3 301 1525.3 302 1525.3 303 1525.3 304 1525.3 
305 1524.7 306 1524.7 307 1524.7 308 1524.7 309 1524.7 310 1524.7 311 1524.7 312 1524.7 
313 1524.7 314 1524.7 315 1524.7 316 1524.7 317 1524.7 318 1524.7 319 1524.7 320 1524.7 
321 1517.7 322 1517.7 323 1517.7 324 1517.7 325 1517.7 326 1517.7 327 1517.7 328 1517.7 
329 1517.7 330 1517.7 331 1517.7 332 1517.7 333 1517.7 334 1517.7 335 1517.7 336 1517.7 
337 1517.4 338 1517.4 339 1517.4 340 1517.4 341 1517.4 342 1517.4 343 1517.4 344 1517.4 
345 1517.4 346 1517.4 347 1517.4 348 1517.4 349 1517.4 350 1517.4 351 1517.4 352 1517.4 
353 1523.0 354 1523.0 355 1523.0 356 1523.0 357 1523.0 358 1523.0 359 1523.0 360 1523.0 
361 1523.0 362 1523.0 363 1523.0 364 1523.0 365 1523.0 366 1523.0 367 1523.0 368 1523.0 

TTD Lookup Table
2.700e-08
644
0.00e+00 0.00e+00 0.00e+00 0.00e+00 0.00e+00 0.00e+00 0.00e+00 0.00e+00 0.00e+00 0.00e+00
0.00e+00 0.00e+00 0.00e+00 0.00e+00 0.00e+00 0.00e+00 0.00e+00 0.00e+00 0.00e+00 0.00e+00
0.00e+00 0.00e+00 0.00e+00 0.00e+00 0.00e+00 0.00e+00 0.00e+00 0.00e+00 0.00e+00 0.00e+00
0.00e+00 0.00e+00 0.00e+00 0.00e+00 0.00e+00 0.00e+00 0.00e+00 0.00e+00 0.00e+00 0.00e+00
0.00e+00 0.00e+00 0.00e+00 0.00e+00 0.00e+00 0.00e+00 0.00e+00 0.00e+00 0.00e+00 0.00e+00
0.00e+00 0.00e+00 0.00e+00 1.92e-03 4.63e-03 8.17e-03 1.25e-02 1.86e-02 2.61e-02 3.54e-02
4.60e-02 5.91e-02 7.44e-02 9.16e-02 1.11e-01 1.34e-01 1.58e-01 1.84e-01 2.14e-01 2.45e-01
2.77e-01 3.11e-01 3.45e-01 3.83e-01 4.20e-01 4.58e-01 4.95e-01 5.36e-01 5.77e-01 6.17e-01
6.58e-01 7.01e-01 7.43e-01 7.85e-01 8.26e-01 8.71e-01 9.14e-01 9.58e-01 1.00e+00 1.05e+00
1.09e+00 1.14e+00 1.18e+00 1.23e+00 1.27e+00 1.32e+00 1.36e+00 1.41e+00 1.46e+00 1.50e+00
1.55e+00 1.59e+00 1.64e+00 1.69e+00 1.73e+00 1.78e+00 1.83e+00 1.87e+00 1.92e+00 1.97e+00
2.01e+00 2.06e+00 2.10e+00 2.15e+00 2.19e+00 2.24e+00 2.28e+00 2.33e+00 2.38e+00 2.42e+00
2.46e+00 2.51e+00 2.55e+00 2.59e+00 2.64e+00 2.68e+00 2.72e+00 2.76e+00 2.80e+00 2.84e+00
2.87e+00 2.91e+00 2.95e+00 2.98e+00 3.01e+00 3.05e+00 3.08e+00 3.11e+00 3.14e+00 3.17e+00
3.20e+00 3.23e+00 3.26e+00 3.29e+00 3.31e+00 3.34e+00 3.37e+00 3.40e+00 3.43e+00 3.45e+00
3.48e+00 3.51e+00 3.54e+00 3.57e+00 3.60e+00 3.62e+00 3.65e+00 3.68e+00 3.71e+00 3.74e+00
3.76e+00 3.79e+00 3.82e+00 3.85e+00 3.87e+00 3.90e+00 3.93e+00 3.96e+00 3.98e+00 4.01e+00
4.04e+00 4.06e+00 4.09e+00 4.11e+00 4.14e+00 4.17e+00 4.19e+00 4.22e+00 4.25e+00 4.27e+00
4.30e+00 4.32e+00 4.35e+00 4.38e+00 4.40e+00 4.43e+00 4.45e+00 4.48e+00 4.50e+00 4.53e+00
4.55e+00 4.58e+00 4.60e+00 4.63e+00 4.65e+00 4.68e+00 4.70e+00 4.73e+00 4.75e+00 4.78e+00
4.80e+00 4.83e+00 4.85e+00 4.88e+00 4.90e+00 4.93e+00 4.95e+00 4.98e+00 5.00e+00 5.03e+00
5.05e+00 5.08e+00 5.10e+00 5.13e+00 5.15e+00 5.18e+00 5.20e+00 5.23e+00 5.25e+00 5.27e+00
5.30e+00 5.32e+00 5.35e+00 5.37e+00 5.39e+00 5.42e+00 5.44e+00 5.47e+00 5.49e+00 5.51e+00
5.54e+00 5.56e+00 5.59e+00 5.61e+00 5.63e+00 5.66e+00 5.68e+00 5.71e+00 5.73e+00 5.75e+00
5.77e+00 5.80e+00 5.82e+00 5.85e+00 5.87e+00 5.89e+00 5.92e+00 5.94e+00 5.96e+00 5.99e+00
6.01e+00 6.04e+00 6.06e+00 6.09e+00 6.11e+00 6.13e+00 6.16e+00 6.18e+00 6.21e+00 6.23e+00
6.25e+00 6.28e+00 6.30e+00 6.33e+00 6.35e+00 6.38e+00 6.40e+00 6.42e+00 6.45e+00 6.47e+00
6.50e+00 6.52e+00 6.54e+00 6.57e+00 6.59e+00 6.62e+00 6.64e+00 6.67e+00 6.69e+00 6.72e+00
6.74e+00 6.77e+00 6.79e+00 6.81e+00 6.84e+00 6.86e+00 6.89e+00 6.91e+00 6.93e+00 6.96e+00
6.98e+00 7.01e+00 7.03e+00 7.06e+00 7.08e+00 7.10e+00 7.13e+00 7.15e+00 7.18e+00 7.20e+00
7.23e+00 7.25e+00 7.28e+00 7.30e+00 7.32e+00 7.35e+00 7.37e+00 7.40e+00 7.42e+00 7.45e+00
7.47e+00 7.49e+00 7.52e+00 7.54e+00 7.57e+00 7.59e+00 7.62e+00 7.64e+00 7.66e+00 7.69e+00
7.71e+00 7.74e+00 7.76e+00 7.79e+00 7.81e+00 7.83e+00 7.86e+00 7.88e+00 7.91e+00 7.93e+00
7.95e+00 7.98e+00 8.00e+00 8.03e+00 8.05e+00 8.08e+00 8.10e+00 8.12e+00 8.15e+00 8.17e+00
8.19e+00 8.22e+00 8.24e+00 8.27e+00 8.29e+00 8.32e+00 8.34e+00 8.36e+00 8.39e+00 8.41e+00
8.43e+00 8.46e+00 8.48e+00 8.51e+00 8.53e+00 8.55e+00 8.58e+00 8.60e+00 8.62e+00 8.65e+00
8.67e+00 8.70e+00 8.72e+00 8.74e+00 8.77e+00 8.79e+00 8.82e+00 8.84e+00 8.86e+00 8.89e+00
8.91e+00 8.93e+00 8.96e+00 8.98e+00 9.01e+00 9.03e+00 9.05e+00 9.08e+00 9.10e+00 9.12e+00
9.15e+00 9.17e+00 9.20e+00 9.22e+00 9.24e+00 9.27e+00 9.29e+00 9.32e+00 9.34e+00 9.36e+00
9.39e+00 9.41e+00 9.43e+00 9.46e+00 9.48e+00 9.51e+00 9.53e+00 9.55e+00 9.58e+00 9.60e+00
9.62e+00 9.65e+00 9.67e+00 9.70e+00 9.72e+00 9.74e+00 9.77e+00 9.79e+00 9.81e+00 9.84e+00
9.86e+00 9.89e+00 9.91e+00 9.93e+00 9.96e+00 9.98e+00 1.00e+01 1.00e+01 1.01e+01 1.01e+01
1.01e+01 1.01e+01 1.01e+01 1.02e+01 1.02e+01 1.02e+01 1.02e+01 1.03e+01 1.03e+01 1.03e+01
1.03e+01 1.04e+01 1.04e+01 1.04e+01 1.04e+01 1.05e+01 1.05e+01 1.05e+01 1.05e+01 1.06e+01
1.06e+01 1.06e+01 1.06e+01 1.06e+01 1.07e+01 1.07e+01 1.07e+01 1.07e+01 1.08e+01 1.08e+01
1.08e+01 1.08e+01 1.09e+01 1.09e+01 1.09e+01 1.09e+01 1.10e+01 1.10e+01 1.10e+01 1.10e+01
1.10e+01 1.11e+01 1.11e+01 1.11e+01 1.11e+01 1.12e+01 1.12e+01 1.12e+01 1.12e+01 1.13e+01
1.13e+01 1.13e+01 1.13e+01 1.14e+01 1.14e+01 1.14e+01 1.14e+01 1.14e+01 1.15e+01 1.15e+01
1.15e+01 1.15e+01 1.16e+01 1.16e+01 1.16e+01 1.16e+01 1.17e+01 1.17e+01 1.17e+01 1.17e+01
1.18e+01 1.18e+01 1.18e+01 1.18e+01 1.19e+01 1.19e+01 1.19e+01 1.19e+01 1.19e+01 1.20e+01
1.20e+01 1.20e+01 1.20e+01 1.21e+01 1.21e+01 1.21e+01 1.21e+01 1.22e+01 1.22e+01 1.22e+01
1.22e+01 1.22e+01 1.23e+01 1.23e+01 1.23e+01 1.23e+01 1.24e+01 1.24e+01 1.24e+01 1.24e+01
1.25e+01 1.25e+01 1.25e+01 1.25e+01 1.26e+01 1.26e+01 1.26e+01 1.26e+01 1.26e+01 1.27e+01
1.27e+01 1.27e+01 1.27e+01 1.28e+01 1.28e+01 1.28e+01 1.28e+01 1.29e+01 1.29e+01 1.29e+01
1.29e+01 1.30e+01 1.30e+01 1.30e+01 1.30e+01 1.30e+01 1.31e+01 1.31e+01 1.31e+01 1.31e+01
1.32e+01 1.32e+01 1.32e+01 1.32e+01 1.33e+01 1.33e+01 1.33e+01 1.33e+01 1.34e+01 1.34e+01
1.34e+01 1.34e+01 1.34e+01 1.35e+01 1.35e+01 1.35e+01 1.35e+01 1.36e+01 1.36e+01 1.36e+01
1.36e+01 1.37e+01 1.37e+01 1.37e+01 1.37e+01 1.37e+01 1.38e+01 1.38e+01 1.38e+01 1.38e+01
1.39e+01 1.39e+01 1.39e+01 1.39e+01 1.40e+01 1.40e+01 1.40e+01 1.40e+01 1.41e+01 1.41e+01
1.41e+01 1.41e+01 1.41e+01 1.42e+01 1.42e+01 1.42e+01 1.42e+01 1.43e+01 1.43e+01 1.43e+01
1.43e+01 1.43e+01 1.44e+01 1.44e+01 1.44e+01 1.44e+01 1.45e+01 1.45e+01 1.45e+01 1.45e+01
1.45e+01 1.46e+01 1.46e+01 1.46e+01 1.46e+01 1.46e+01 1.46e+01 1.47e+01 1.47e+01 1.47e+01
1.47e+01 1.47e+01 1.48e+01 1.48e+01 1.48e+01 1.48e+01 1.48e+01 1.48e+01 1.48e+01 1.49e+01
1.49e+01 1.49e+01 1.49e+01 1.49e+01 1.49e+01 1.49e+01 1.49e+01 1.49e+01 1.50e+01 1.50e+01
1.50e+01 1.50e+01 1.50e+01 1.50e+01 1.51e+01 1.51e+01 1.51e+01 1.51e+01 1.51e+01 1.51e+01
1.51e+01 1.51e+01 1.51e+01 1.51e+01 1.51e+01 1.51e+01 1.51e+01 1.51e+01 1.51e+01 1.51e+01
1.51e+01 1.51e+01 1.51e+01 1.51e+01 1.51e+01 1.51e+01 1.51e+01 1.51e+01 1.51e+01 1.51e+01
1.51e+01 1.51e+01 1.51e+01 1.51e+01 1.51e+01 1.51e+01 1.51e+01 1.51e+01 1.51e+01 1.51e+01
1.51e+01 1.51e+01 1.51e+01 1.51e+01 1.51e+01 1.51e+01 1.51e+01 1.51e+01 1.51e+01 1.51e+01
1.51e+01 1.51e+01 1.51e+01 1.51e+01 1.51e+01 1.51e+01 1.51e+01 1.51e+01 1.51e+01 1.51e+01
1.51e+01 1.51e+01 1.51e+01 1.51e+01 1.51e+01 1.51e+01 1.51e+01 1.51e+01 1.51e+01 1.51e+01
1.51e+01 1.51e+01 1.51e+01 1.51e+01 1.51e+01 1.51e+01 1.51e+01 1.51e+01 1.51e+01 1.51e+01
1.51e+01 1.51e+01 1.51e+01 1.51e+01 1.51e+01 1.51e+01 1.51e+01 1.51e+01 1.51e+01 1.51e+01
1.51e+01 1.51e+01 1.51e+01 1.51e+01 1.51e+01 1.51e+01 1.51e+01 1.51e+01 1.51e+01 1.51e+01
1.51e+01 1.51e+01 1.51e+01 1.51e+01 1.51e+01 1.51e+01 1.51e+01 1.51e+01 1.51e+01 1.51e+01
1.51e+01 1.51e+01 1.51e+01 1.51e+01 1.51e+01 1.51e+01 1.51e+01 1.51e+01 1.51e+01 1.51e+01
1.51e+01 1.51e+01 1.51e+01 1.51e+01 1.51e+01 1.51e+01 1.51e+01 1.51e+01 1.51e+01 1.51e+01
1.51e+01 1.51e+01 1.51e+01 1.51e+01 1.51e+01 1.51e+01 1.51e+01 1.51e+01 1.51e+01 1.51e+01
1.51e+01 1.51e+01 1.51e+01 1.51e+01 1.51e+01 1.51e+01 1.51e+01 1.51e+01 1.51e+01 1.51e+01
1.51e+01 1.51e+01 1.51e+01 1.51e+01 1.51e+01 1.51e+01 1.51e+01 1.51e+01 7.99e-44
[ R.global ]  
0.3348 1 0.0 269.8 0.0 -1.6e-03           VDC Angle, Plane Spacing, Gamma Coefficents   
matrix elements   
t 0 0 0 -1.0046E+00 -3.3492E-01 -4.0787E-02  0.0000E+00  0.0000E+00  0.0000E+00   0.0000E+00
y 0 0 0 -5.1574E-03  2.6424E-04  2.2346E-03  0.0000E+00  0.0000E+00  0.0000E+00   0.0000E+00
p 0 0 0 -7.4355E-04 -2.1302E-03  1.1950E-03  0.0000E+00  0.0000E+00  0.0000E+00   0.0000E+00
D 0 0 0   1.189274e-03  8.314633e-02  1.006409e-02  4.442864e-04  4.350350e-03  0.000000e+00  0.000000e+00  5
D 1 0 0  -4.497939e-02  3.364857e-01  6.616237e-02 -9.119512e-02  0.000000e+00  0.000000e+00  0.000000e+00  4
D 2 0 0  -2.095335e+00  2.237222e+00 -3.646238e+00  0.000000e+00  0.000000e+00  0.000000e+00  0.000000e+00  3
D 0 0 2   2.453926e-01  1.959684e-01  1.903411e+00  0.000000e+00  0.000000e+00  0.000000e+00  0.000000e+00  3
D 0 2 0   6.644631e-01  8.471878e-01 -1.372656e-01  0.000000e+00  0.000000e+00  0.000000e+00  0.000000e+00  3
D 0 1 1  -6.621566e-02  1.285096e+00  3.276931e-01  0.000000e+00  0.000000e+00  0.000000e+00  0.000000e+00  3
D 3 0 0  -9.022217e+00 -4.004790e+01  0.000000e+00  0.000000e+00  0.000000e+00  0.000000e+00  0.000000e+00  2
D 1 2 0   3.851844e+00 -6.989975e+00  0.000000e+00  0.000000e+00  0.000000e+00  0.000000e+00  0.000000e+00  2
D 1 0 2  -5.298557e+00 -9.966752e+01  0.000000e+00  0.000000e+00  0.000000e+00  0.000000e+00  0.000000e+00  2
D 1 1 1  -4.071121e+01 -4.695666e+01  0.000000e+00  0.000000e+00  0.000000e+00  0.000000e+00  0.000000e+00  2
T 0 0 0  -2.285520e-03  1.170219e-03  7.366407e-03  7.575346e-04  0.000000e+00  0.000000e+00  0.000000e+00  4
T 1 0 0  -2.404680e+00  5.536382e-01 -1.750370e-02  1.778148e-01  0.000000e+00  0.000000e+00  0.000000e+00  4
T 2 0 0  -1.286304e+00  4.446672e+00 -5.898222e+00  0.000000e+00  0.000000e+00  0.000000e+00  0.000000e+00  3
T 0 0 2   3.880697e-01 -1.654041e-01 -7.406574e-01  0.000000e+00  0.000000e+00  0.000000e+00  0.000000e+00  3
T 0 2 0  -1.858726e-01 -4.958203e-01  2.853752e-01  0.000000e+00  0.000000e+00  0.000000e+00  0.000000e+00  3
T 1 2 0   1.413430e+01 -3.462274e+01  0.000000e+00  0.000000e+00  0.000000e+00  0.000000e+00  0.000000e+00  2
T 3 0 0   8.871399e+01 -8.002202e+01  0.000000e+00  0.000000e+00  0.000000e+00  0.000000e+00  0.000000e+00  2
T 2 0 2  -5.781147e+02  0.000000e+00  0.000000e+00  0.000000e+00  0.000000e+00  0.000000e+00  0.000000e+00  1
T 4 0 0  -8.154570e+03  0.000000e+00  0.000000e+00  0.000000e+00  0.000000e+00  0.000000e+00  0.000000e+00  1
P 0 0 0   3.094839e-04 -8.871611e-04 -4.587681e-04  4.149247e-05  7.500900e-04  0.000000e+00  0.000000e+00  4
P 0 0 1  -6.259406e-01 -1.643189e-01  1.926234e-01 -3.084137e-02  0.000000e+00  0.000000e+00  0.000000e+00  4
P 1 0 0  -2.831424e-02  3.152105e-02  1.553025e-02 -1.820689e-01  0.000000e+00  0.000000e+00  0.000000e+00  4
P 0 1 0  -3.415480e-01  3.525627e-01 -5.724135e-02 -3.245939e-03  0.000000e+00  0.000000e+00  0.000000e+00  4
P 0 1 2   6.872743e+00 -1.506804e+02  0.000000e+00  0.000000e+00  0.000000e+00  0.000000e+00  0.000000e+00  2
P 1 1 0   4.165194e+00  9.244242e-02 -1.389249e-01  0.000000e+00  0.000000e+00  0.000000e+00  0.000000e+00  3
P 1 0 1   3.988361e+00 -4.662539e-01  1.094239e+00  0.000000e+00  0.000000e+00  0.000000e+00  0.000000e+00  3
P 0 0 3   2.538366e+01  1.255325e+01  0.000000e+00  0.000000e+00  0.000000e+00  0.000000e+00  0.000000e+00  2
P 2 0 1  -3.629986e+01 -4.826123e+01  0.000000e+00  0.000000e+00  0.000000e+00  0.000000e+00  0.000000e+00  2
P 2 1 0  -5.986951e+01  3.797997e+01  0.000000e+00  0.000000e+00  0.000000e+00  0.000000e+00  0.000000e+00  2
P 0 2 1  -3.598006e+01 -6.227691e+01  0.000000e+00  0.000000e+00  0.000000e+00  0.000000e+00  0.000000e+00  2
P 0 3 0  -2.329939e+01 -1.662473e+00  0.000000e+00  0.000000e+00  0.000000e+00  0.000000e+00  0.000000e+00  2
P 1 0 3   4.960274e+02  0.000000e+00  0.000000e+00  0.000000e+00  0.000000e+00  0.000000e+00  0.000000e+00  1
P 1 3 0  -7.612748e+02  0.000000e+00  0.000000e+00  0.000000e+00  0.000000e+00  0.000000e+00  0.000000e+00  1
P 3 0 1   3.887155e+02  0.000000e+00  0.000000e+00  0.000000e+00  0.000000e+00  0.000000e+00  0.000000e+00  1
P 3 1 0   6.147530e+02  0.000000e+00  0.000000e+00  0.000000e+00  0.000000e+00  0.000000e+00  0.000000e+00  1
P 1 1 2  -8.252639e+02  0.000000e+00  0.000000e+00  0.000000e+00  0.000000e+00  0.000000e+00  0.000000e+00  1
P 1 2 1   9.980288e+01  0.000000e+00  0.000000e+00  0.000000e+00  0.000000e+00  0.000000e+00  0.000000e+00  1
Y 0 0 0   1.448916e-03  4.750662e-04 -5.640232e-04 -5.772051e-04  0.000000e+00  0.000000e+00  0.000000e+00  4
Y 0 0 1   8.386790e-01 -1.105024e+00 -5.862543e-01  1.178644e-01  0.000000e+00  0.000000e+00  0.000000e+00  4
Y 0 1 0  -1.146250e+00 -7.511396e-01  1.792319e-01  6.399131e-02  0.000000e+00  0.000000e+00  0.000000e+00  4
Y 1 0 0   6.942296e-02 -4.030659e-02 -1.294950e-02  1.157913e-01  0.000000e+00  0.000000e+00  0.000000e+00  4
Y 1 0 1  -1.309420e+00 -7.985455e+00 -7.032218e+00  0.000000e+00  0.000000e+00  0.000000e+00  0.000000e+00  3
Y 1 1 0  -1.440649e+01  6.806043e-02 -3.025592e+00  0.000000e+00  0.000000e+00  0.000000e+00  0.000000e+00  3
Y 1 1 2   7.455821e+02  0.000000e+00  0.000000e+00  0.000000e+00  0.000000e+00  0.000000e+00  0.000000e+00  1
Y 1 2 1   2.648355e+02  0.000000e+00  0.000000e+00  0.000000e+00  0.000000e+00  0.000000e+00  0.000000e+00  1
Y 1 0 3  -3.886727e+02  0.000000e+00  0.000000e+00  0.000000e+00  0.000000e+00  0.000000e+00  0.000000e+00  1
Y 1 3 0   9.895725e+02  0.000000e+00  0.000000e+00  0.000000e+00  0.000000e+00  0.000000e+00  0.000000e+00  1
Y 0 0 3   2.035914e+00  1.103812e+01  0.000000e+00  0.000000e+00  0.000000e+00  0.000000e+00  0.000000e+00  2
Y 2 1 0   3.248813e+02 -1.610776e+02  0.000000e+00  0.000000e+00  0.000000e+00  0.000000e+00  0.000000e+00  2
Y 0 3 0   1.062244e+01 -1.908783e+01  0.000000e+00  0.000000e+00  0.000000e+00  0.000000e+00  0.000000e+00  2
Y 2 0 1   4.111891e+02  1.971838e+02  0.000000e+00  0.000000e+00  0.000000e+00  0.000000e+00  0.000000e+00  2
Y 3 0 1   2.788987e+03  0.000000e+00  0.000000e+00  0.000000e+00  0.000000e+00  0.000000e+00  0.000000e+00  1
Y 3 1 0   7.124976e+02  0.000000e+00  0.000000e+00  0.000000e+00  0.000000e+00  0.000000e+00  0.000000e+00  1