########################### RIGHT SHOWER DETECTOR ##############################
Number of columns (x-stripes) and rows (y-stripes)
       5     15
Crate, Slot, First, Last ADC channels of blocks
       1     17       32     46
       1     18        0     14
       1     19        0     14
       1     16        0     14
       1     17        16    30
      -1      0        0      0
Translation table from ADC hardware channel to logical channel number (historical)
 1 2 3 4 5 6 7 8 9 10 11 12 13 14 15 16 17 18 19 20 21 22 23 24
  25 26 27 28 29 30 31 32 33 34 35 36 37 38 39 40 41 42 43 44 45 46 47 48
 49 50 51 52 53 54 55 56 57 58 59 60 61 62 63 64 65 66 67 68 69 70 71 72 73
  74 75 
x,y,z coords (in cm) of Shower front plane in spectrom cs
     0.0     0.0   3.725                          - Meters
Half of X, half of Y, full Z sizes (in cm) of Shower
    1.20   0.375   0.35                           - Meters
Rotation angle of the Shower plane
     0.0                                          - Degrees
x,y position of the center of block 1
   -1.10    -0.30                                 - Meters
dx and dy block spacing
    0.15    0.15                                  - Meters
Energy threshold for clusters to be considered
    30.0                                          - MeV
ADC pedestals
   280   309   310   282   352   369   457   382   338
   325   246   315   446   356   403   375   470   376
   334   412   422   432   403   476   377   289   399
   526   485   518   518   515   515   477   583   533
   580   622   524   568   482   511   598   626   558
   629   578   572   564   666   631   666   666   607
   587   618   529   662   601   612   386   317   270
   277   400   445   471   480   298   270   258   263
   497   373   392
Energy calibration coefficients
    0.82000    1.08688    0.80317    0.85291    1.08581
    0.82000    0.82000    1.08510    0.86102    0.85477
    1.13164    1.49000    0.82000    0.82124    0.97673
    0.90353    2.14499    0.98443    0.88715    0.91162
    0.94357    0.59149    0.91837    0.73771    0.85128
    0.50747    0.66991    0.58301    1.86522    1.27400
    1.32800    0.96721    0.90120    0.88291    0.88350
    0.87222    0.60842    0.90970    0.94134    0.89905
    0.87832    0.93559    0.91603    0.77453    1.05325
    0.85632    1.57380    0.86272    1.00861    0.90903
    0.86440    0.96529    0.85425    0.87070    0.85912
    0.73765    0.82901    1.17470    0.81751    1.46100
    1.54500    0.84296    0.94960    1.09277    0.81744
    1.09800    1.27900    0.92452    0.88351    1.25415
    0.81698    1.27600    1.23700    1.05322    0.90122

