########################### RIGHT SHOWER DETECTOR ##############################
Number of columns (x-stripes) and rows (y-stripes)
       5     15
Crate, Slot, First, Last ADC channels of blocks
       1     17       32     46
       1     18        0     14
       1     19        0     14
       1     16        0     14
       1     17        16    30
      -1      0        0      0
Translation table from ADC hardware channel to logical channel number (historical)
 1 2 3 4 5 6 7 8 9 10 11 12 13 14 15 16 17 18 19 20 21 22 23 24
  25 26 27 28 29 30 31 32 33 34 35 36 37 38 39 40 41 42 43 44 45 46 47 48
 49 50 51 52 53 54 55 56 57 58 59 60 61 62 63 64 65 66 67 68 69 70 71 72 73
  74 75 
x,y,z coords (in cm) of Shower front plane in spectrom cs
     0.0     0.0   3.725                          - Meters
Half of X, half of Y, full Z sizes (in cm) of Shower
    1.20   0.375   0.35                           - Meters
Rotation angle of the Shower plane
     0.0                                          - Degrees
x,y position of the center of block 1
   -1.10    -0.30                                 - Meters
dx and dy block spacing
    0.15    0.15                                  - Meters
Energy threshold for clusters to be considered
    30.0                                          - MeV
ADC pedestals
   270   298   299   275   346   354   444   368   326
   318   237   304   437   348   398   360   460   365
   321   401   410   414   383   463   368   279   386
   509   475   504   508   504   506   469   574   523
   564   606   511   560   473   508   583   613   546
   616   565   560   548   656   616   647   646   599
   580   610   520   649   593   602   376   311   262
   270   393   434   458   473   291   261   252   257
   485   363   380
Energy calibration coefficients
    1.00000    1.00000    1.00000    1.00000    1.00000
    1.00000    1.00000    1.00000    1.00000    1.00000
    1.00000    1.00000    1.00000    1.00000    1.00000
    1.00000    0.80447    0.82011    0.88930    0.84433
    0.95357    0.89289    0.92488    0.88553    0.89163
    0.95882    0.92226    0.87403    0.74884    1.00000
    1.00000    0.80517    0.85851    0.89944    0.93637
    0.87602    1.09758    0.93700    0.75566    0.93757
    0.87601    0.72043    0.92737    0.78554    1.00000
    1.00000    0.77549    0.82008    0.72521    0.82183
    0.87972    0.81310    0.90387    0.90597    0.93636
    0.86397    1.00035    0.86998    0.97763    1.00000
    1.00000    1.00000    1.00000    1.00000    1.00000
    1.00000    1.00000    1.00000    1.00000    1.00000
    1.00000    1.00000    1.00000    1.00000    1.00000

